D 2
FES 1. OKA1 2. SYMPART 3. S ZDT1 4. S ZDT2 5. S ZDT4 6. R ZDT4 7. S ZDT6 
Best 4.4696e-002 2.2476e-002 1.2648e-001 1.7611e-001 1.9445e-001 5.8604e-002 3.1235e-001 
Median 6.2785e-002 4.9195e-002 1.6711e-001 2.4275e-001 2.2443e-001 8.9465e-002 3.4060e-001 
5e +3 Worst 8.4010e-002 1.0017e-001 2.1457e-001 3.1549e-001 2.9384e-001 1.1948e-001 3.5002e-001 
Mean 6.3505e-002 5.2979e-002 1.6672e-001 2.4166e-001 2.2825e-001 8.9092e-002 3.3804e-001 
Std 8.3403e-003 2.4187e-002 2.2496e-002 2.8632e-002 2.4100e-002 1.5829e-002 9.2466e-003 
Best 1.3356e-002 7.0830e-006 1.8749e-004 4.4409e-016 2.3542e-002 1.9669e-003 7.5320e-003 
Median 1.9518e-002 7.0493e-005 3.0984e-004 2.7572e-001 3.5974e-002 1.2156e-002 1.4384e-002 
5e +4 Worst 2.6734e-002 1.4887e-003 1.5094e-002 4.6531e-001 1.0257e-001 4.7354e-002 7.9202e-002 
Mean 1.9696e-002 1.6846e-004 2.4075e-003 1.9766e-001 3.9768e-002 2.0151e-002 2.3711e-002 
Std 4.1115e-003 3.1556e-004 4.5653e-003 1.8774e-001 1.8296e-002 1.4294e-002 2.0274e-002 
Best 6.2278e-003 1.3011e-006 1.4237e-004 1.8336e-004 7.8881e-007 3.2133e-004 -2.3194e-004 
Median 8.6739e-003 4.8968e-006 1.5370e-004 3.4592e-004 5.2548e-004 3.3708e-003 -1.3754e-004 
5e +5 Worst 1.6362e-002 1.8582e-004 3.5703e-004 4.7821e-002 1.3304e-002 1.2266e-002 7.4030e-002 
Mean 9.2920e-003 1.1653e-005 2.0342e-004 2.1203e-002 1.8529e-003 3.6475e-003 4.5873e-003 
Std 2.7607e-003 3.6326e-005 8.5257e-005 2.4073e-002 3.4292e-003 2.5914e-003 1.6705e-002 
D 3
FES 8. S DTLZ2 9. R DTLZ2 10. S DTLZ3 11. WFG1 12. WFG8 13. WFG9 
Best 7.0993e-004 2.0601e-002 1.8767e-002 3.4925e-001 -5.3946e-002 -1.5735e-002 
Median 1.1948e-003 2.9102e-002 2.4976e-002 3.9099e-001 -3.9905e-002 2.2344e-002 
5e +3 Worst 5.1282e-003 3.9203e-002 3.2565e-002 4.0288e-001 -2.7953e-002 4.8876e-002 
Mean 1.6057e-003 2.8615e-002 2.5215e-002 3.9009e-001 -3.9283e-002 2.1503e-002 
Std 1.0329e-003 4.7590e-003 3.7602e-003 1.0082e-002 5.7564e-003 1.6957e-002 
Best 9.3458e-005 6.1071e-003 1.2193e-002 2.8819e-001 -1.1144e-001 -5.7197e-002 
Median 2.4672e-004 7.1492e-003 1.5712e-002 2.9244e-001 -8.9160e-002 -4.2101e-002 
5e +4 Worst 5.1747e-004 2.2580e-002 2.1143e-002 3.0017e-001 -6.7306e-002 -1.3413e-002 
Mean 2.7736e-004 8.6156e-003 1.6016e-002 2.9321e-001 -8.8583e-002 -3.7428e-002 
Std 1.0880e-004 3.7481e-003 2.0013e-003 3.2452e-003 1.2052e-002 1.3236e-002 
Best 1.1040e-004 2.3170e-003 2.1293e-005 2.6196e-001 -1.4308e-001 -7.6954e-002 
Median 2.6904e-004 3.6955e-003 1.3708e-003 2.7844e-001 -1.2859e-001 -6.9728e-002 
5e +5 Worst 9.1218e-004 1.7895e-002 1.1813e-002 2.8516e-001 -1.1698e-001 -4.9974e-002 
Mean 2.9954e-004 4.2257e-003 2.9344e-003 2.7777e-001 -1.2888e-001 -6.7370e-002 
Std 1.7478e-004 2.9261e-003 3.1700e-003 5.4276e-003 5.5866e-003 8.7839e-003 
D 5
FES 8. S DTLZ2 9. R DTLZ2 10. S DTLZ3 11. WFG1 12. WFG8 13. WFG9 
Best 1.6457e-003 5.5599e-003 6.3387e-003 5.4750e-001 -3.8566e-002 6.8178e-002 
Median 3.1065e-003 7.0303e-003 8.8316e-003 5.7475e-001 -4.1733e-003 1.0364e-001 
5e +3 Worst 4.2469e-003 8.3423e-003 1.1891e-002 6.3639e-001 1.7044e-002 1.3800e-001 
Mean 3.0647e-003 7.0107e-003 9.0693e-003 5.9089e-001 -6.5829e-003 1.0556e-001 
Std 7.1724e-004 8.0897e-004 1.3975e-003 3.2723e-002 1.3014e-002 1.6806e-002 
Best 3.9393e-004 3.1575e-003 1.8724e-003 5.1721e-001 -1.8895e-001 -7.0555e-002 
Median 7.2771e-004 4.2286e-003 2.9534e-003 5.2194e-001 -1.4998e-001 -3.6534e-002 
5e +4 Worst 1.0506e-003 5.6372e-003 5.6549e-003 5.2413e-001 -1.2225e-001 -2.0884e-002 
Mean 7.2848e-004 4.2420e-003 3.2433e-003 5.2128e-001 -1.5128e-001 -3.8637e-002 
Std 1.5368e-004 6.6914e-004 9.7240e-004 2.1291e-003 1.4052e-002 1.1959e-002 
Best 6.4489e-004 2.1448e-003 5.3538e-003 5.1117e-001 -2.1321e-001 -9.9452e-002 
Median 1.2439e-003 3.0638e-003 9.3890e-003 5.1444e-001 -1.7037e-001 -8.1226e-002 
5e +5 Worst 2.4928e-003 5.1861e-003 1.3688e-002 5.1737e-001 -1.0965e-001 -6.3123e-002 
Mean 1.2504e-003 3.1872e-003 9.5658e-003 5.1433e-001 -1.6791e-001 -8.0591e-002 
Std 3.9382e-004 7.8393e-004 2.4313e-003 1.9320e-003 2.1491e-002 1.0538e-002 
