D 2
FES 1. OKA1 2. SYMPART 3. S ZDT1 4. S ZDT2 5. S ZDT4 6. R ZDT4 7. S ZDT6
Best 1.0705e-002 7.8031e-003 3.8740e-002 7.9705e-002 6.4846e-002 1.5251e-002 1.2562e-001
Median 1.8398e-002 1.7181e-002 4.8999e-002 1.0171e-001 7.4357e-002 3.0006e-002 1.3497e-001
5e+3 Worst 2.6193e-002 3.5369e-002 6.0975e-002 1.2260e-001 9.5846e-002 4.0329e-002 1.3874e-001
Mean 1.8533e-002 1.8554e-002 4.9050e-002 1.0030e-001 7.5535e-002 2.9114e-002 1.3414e-001
Std 4.0410e-003 8.5597e-003 6.8667e-003 9.9050e-003 7.6420e-003 5.9920e-003 3.2019e-003
Best 2.0225e-003 2.4520e-006 1.0959e-005 0.0000e+000 7.9054e-003 4.4918e-004 3.4999e-003
Median 4.6738e-003 2.3419e-005 4.4742e-005 4.0400e-009 1.2164e-002 3.9417e-003 6.6177e-003
5e+4 Worst 1.2267e-002 5.1393e-004 4.3109e-003 1.0552e-004 3.4682e-002 1.5654e-002 3.4151e-002
Mean 5.6759e-003 5.7227e-005 6.2174e-004 5.2728e-006 1.3448e-002 6.6259e-003 1.0831e-002
Std 3.0481e-003 1.0895e-004 1.2494e-003 2.1064e-005 6.2005e-003 4.8610e-003 9.0424e-003
Best 9.4720e-005 4.8459e-007 -8.1905e-009 1.4288e-008 -3.2798e-009 1.1662e-004 -1.0216e-006
Median 1.8997e-003 1.6404e-006 1.4041e-006 6.3382e-004 2.1813e-004 1.1685e-003 4.0467e-005
5e+5 Worst 1.0240e-002 6.3952e-005 5.1174e-005 4.0056e-002 4.3861e-003 4.1699e-003 3.2581e-002
Mean 3.1177e-003 3.9920e-006 1.4460e-005 1.7833e-002 6.2459e-004 1.2570e-003 2.1275e-003
Std 2.7724e-003 1.2505e-005 2.0603e-005 2.0103e-002 1.1179e-003 8.8030e-004 7.3642e-003
D 3
FES 8. S DTLZ2 9. R DTLZ2 10. S DTLZ3 11. WFG1 12. WFG8 13. WFG9
Best 7.1230e-005 5.1328e-004 4.8889e-004 6.9116e-002 -7.5394e-003 -5.0335e-003
Median 1.4196e-004 6.0625e-004 5.6614e-004 7.7469e-002 -4.7098e-003 2.7133e-003
5e+3 Worst 3.2228e-004 6.9569e-004 7.1625e-004 8.0063e-002 -2.1493e-003 8.7975e-003
Mean 1.5777e-004 6.0730e-004 5.7379e-004 7.7326e-002 -4.8448e-003 2.6118e-003
Std 5.8306e-005 4.7026e-005 7.0539e-005 2.0487e-003 1.5443e-003 3.4906e-003
Best 2.6176e-005 2.6330e-004 3.0294e-004 5.6347e-002 -1.9705e-002 -9.5524e-003
Median 5.8878e-005 3.2013e-004 3.7921e-004 5.7101e-002 -1.4324e-002 -7.9726e-003
5e+4 Worst 1.0268e-004 4.9550e-004 4.4913e-004 5.8731e-002 -1.0262e-002 -3.2387e-003
Mean 6.0514e-005 3.3387e-004 3.8328e-004 5.7269e-002 -1.4491e-002 -7.0635e-003
Std 2.0354e-005 5.0976e-005 3.3519e-005 6.8114e-004 2.6052e-003 1.9301e-003
Best 1.6956e-005 2.1101e-004 4.6526e-005 5.0906e-002 -2.5040e-002 -1.3568e-002
Median 6.4697e-005 2.6583e-004 1.6958e-004 5.4384e-002 -2.3415e-002 -1.2909e-002
5e+5 Worst 1.1369e-004 5.0552e-004 3.5350e-004 5.5803e-002 -2.1217e-002 -8.9021e-003
Mean 6.6419e-005 2.7129e-004 1.8975e-004 5.4244e-002 -2.3331e-002 -1.1979e-002
Std 2.6878e-005 5.4702e-005 7.6867e-005 1.1323e-003 8.8349e-004 1.6914e-003
D 5
FES 8. S DTLZ2 9. R DTLZ2 10. S DTLZ3 11. WFG1 12. WFG8 13. WFG9
Best 1.4489e-004 1.7409e-004 2.0847e-004 4.6842e-002 3.6132e-003 5.8147e-003
Median 2.5480e-004 2.0573e-004 2.6873e-004 5.0643e-002 7.2380e-003 7.4045e-003
5e+3 Worst 3.4522e-004 2.4660e-004 3.3742e-004 5.6795e-002 9.2892e-003 1.0240e-002
Mean 2.4338e-004 2.0670e-004 2.7012e-004 5.2164e-002 6.7938e-003 7.9079e-003
Std 5.1581e-005 1.9502e-005 2.9680e-005 3.3287e-003 1.6090e-003 1.3461e-003
Best 8.0340e-005 1.0197e-004 1.1204e-004 4.5594e-002 -3.4306e-003 1.5689e-003
Median 1.1643e-004 1.3667e-004 1.4011e-004 4.6064e-002 -1.9753e-003 2.2024e-003
5e+4 Worst 1.4308e-004 1.6610e-004 1.7210e-004 4.6391e-002 -1.0649e-003 3.0601e-003
Mean 1.1276e-004 1.3848e-004 1.3910e-004 4.6042e-002 -2.1333e-003 2.2364e-003
Std 1.7836e-005 1.3146e-005 1.6664e-005 2.2674e-004 6.9471e-004 4.0057e-004
Best 8.6897e-005 7.9694e-005 1.2627e-004 4.5059e-002 -7.9316e-003 7.4745e-004
Median 9.9820e-005 9.6837e-005 1.6081e-004 4.5399e-002 -6.5346e-003 9.1724e-004
5e+5 Worst 1.3817e-004 1.1995e-004 1.8968e-004 4.5736e-002 -5.1041e-003 1.1309e-003
Mean 1.0325e-004 9.7070e-005 1.5829e-004 4.5384e-002 -6.4978e-003 9.2791e-004
Std 1.1782e-005 9.4173e-006 1.7332e-005 2.0446e-004 5.8377e-004 1.1589e-004
