D 2
FES 1. OKA1 2. SYMPART 3. S ZDT1 4. S ZDT2 5. S ZDT4 6. R ZDT4 7. S ZDT6
Best 2.2290e-002 4.4962e-004 4.7863e-002 9.9311e-002 5.3861e-002 9.7144e-003 1.3289e-001
Median 3.1952e-002 7.6692e-004 6.4295e-002 1.1875e-001 6.9914e-002 1.7929e-002 1.3745e-001
5e+3 Worst 3.9006e-002 1.2636e-003 8.3679e-002 1.3768e-001 8.3948e-002 2.6693e-002 1.4356e-001
Mean 3.0915e-002 7.3858e-004 6.4726e-002 1.1642e-001 6.8431e-002 1.7595e-002 1.3767e-001
Std 3.9567e-003 2.1291e-004 9.3561e-003 9.5585e-003 8.8979e-003 4.7133e-003 2.4464e-003
Best 1.0469e-002 7.3937e-006 1.1504e-002 6.8726e-002 2.7788e-002 2.4029e-003 1.0692e-001
Median 3.1297e-002 5.0644e-005 1.8879e-002 9.3997e-002 4.1166e-002 8.1008e-003 1.2216e-001
5e+4 Worst 3.1351e-002 1.6604e-004 3.1337e-002 1.2757e-001 5.5616e-002 1.4018e-002 1.3078e-001
Mean 2.7946e-002 7.2217e-005 1.9317e-002 9.6410e-002 4.1046e-002 8.1416e-003 1.2176e-001
Std 5.8959e-003 5.0539e-005 5.1295e-003 1.5602e-002 7.5021e-003 3.1305e-003 5.6515e-003
Best 5.3427e-003 6.8096e-008 1.9191e-003 1.9461e-002 1.3852e-002 2.1022e-003 8.9467e-002
Median 3.1297e-002 1.7729e-007 3.5429e-003 6.6370e-002 2.2355e-002 6.4545e-003 1.0312e-001
5e+5 Worst 3.1351e-002 2.4037e-007 1.1281e-002 9.0324e-002 4.2473e-002 1.2239e-002 1.2019e-001
Mean 2.5289e-002 1.6377e-007 4.6135e-003 6.5010e-002 2.4968e-002 6.5601e-003 1.0326e-001
Std 8.7728e-003 4.6112e-008 2.3917e-003 1.6373e-002 7.9624e-003 2.5634e-003 7.0036e-003
D 3
FES 8. S DTLZ2 9. R DTLZ2 10. S DTLZ3 11. WFG1 12. WFG8 13. WFG9
Best 1.6849e-004 3.4788e-004 7.0916e-004 7.9048e-002 -6.3867e-003 -4.5947e-003
Median 2.5150e-004 3.9051e-004 8.9414e-004 8.1705e-002 -2.9667e-003 1.8322e-003
5e+3 Worst 4.7578e-004 5.0118e-004 1.1118e-003 8.3990e-002 -7.2897e-005 8.6431e-003
Mean 2.7326e-004 3.9968e-004 9.0004e-004 8.1564e-002 -3.0218e-003 2.2012e-003
Std 7.4114e-005 3.6983e-005 1.0637e-004 1.1929e-003 1.7125e-003 3.7874e-003
Best 7.4016e-005 2.8603e-004 5.3112e-004 7.4191e-002 -1.6121e-002 -9.6088e-003
Median 1.0448e-004 3.2470e-004 6.0524e-004 7.6862e-002 -1.3165e-002 -6.9672e-003
5e+4 Worst 1.3718e-004 3.7262e-004 7.2619e-004 7.9298e-002 -1.0499e-002 -3.3550e-003
Mean 1.0398e-004 3.2456e-004 6.1022e-004 7.6854e-002 -1.3084e-002 -6.7830e-003
Std 1.6354e-005 2.4201e-005 4.6975e-005 1.3080e-003 1.4424e-003 1.4510e-003
Best 6.2765e-005 2.5938e-004 4.5212e-004 7.0073e-002 -1.9649e-002 -1.1704e-002
Median 9.7110e-005 2.9920e-004 5.2739e-004 7.4467e-002 -1.6648e-002 -1.0457e-002
5e+5 Worst 1.2964e-004 3.5868e-004 5.8653e-004 7.5774e-002 -1.4948e-002 -8.4978e-003
Mean 9.8484e-005 3.0694e-004 5.2334e-004 7.4146e-002 -1.6847e-002 -1.0381e-002
Std 1.6690e-005 2.5743e-005 3.1075e-005 1.3378e-003 1.2561e-003 9.5208e-004
D 5
FES 8. S DTLZ2 9. R DTLZ2 10. S DTLZ3 11. WFG1 12. WFG8 13. WFG9
Best 2.2612e-004 8.3528e-005 2.7252e-004 5.1326e-002 1.0156e-002 9.2762e-003
Median 2.7968e-004 1.0142e-004 4.0209e-004 5.7478e-002 1.2613e-002 1.4804e-002
5e+3 Worst 3.7669e-004 1.2803e-004 4.8231e-004 5.8653e-002 1.4794e-002 1.7732e-002
Mean 2.8395e-004 1.0172e-004 4.0586e-004 5.7287e-002 1.2396e-002 1.4515e-002
Std 3.9023e-005 1.1697e-005 5.2244e-005 1.3983e-003 1.3458e-003 2.2360e-003
Best 1.1554e-004 6.3437e-005 2.3531e-004 5.1290e-002 2.3402e-003 3.3278e-003
Median 1.4160e-004 8.0594e-005 2.8003e-004 5.4481e-002 4.5747e-003 4.6200e-003
5e+4 Worst 1.8079e-004 9.2798e-005 3.1363e-004 5.6116e-002 6.4139e-003 6.8317e-003
Mean 1.4434e-004 8.0349e-005 2.7612e-004 5.4525e-002 4.5919e-003 4.7651e-003
Std 1.6943e-005 7.1086e-006 2.0144e-005 9.0162e-004 1.0415e-003 8.3638e-004
Best 9.6221e-005 7.9526e-005 1.9422e-004 5.1290e-002 -4.6654e-003 1.8093e-003
Median 1.2597e-004 1.0464e-004 2.3428e-004 5.3217e-002 -3.4769e-003 2.6235e-003
5e+5 Worst 1.4883e-004 1.2060e-004 2.6877e-004 5.3611e-002 -1.6225e-003 3.5038e-003
Mean 1.2707e-004 1.0349e-004 2.3567e-004 5.3081e-002 -3.3998e-003 2.5741e-003
Std 1.4092e-005 1.0250e-005 1.8828e-005 5.2938e-004 7.0368e-004 3.4552e-004
