D 2
FES  1.OKA2 2.SYMPART 3.S_ZDT1 4.S_ZDT2 5.S_ZDT4 6.R_ZDT4 7.S_ZDT6 
Best 4.0430E-01 5.1009E-03 1.1656E-01 1.8672E-01 1.3436E-01 4.8504E-02 2.8042E-01 
Median 4.1008E-01 1.1372E-02 1.4093E-01 2.0403E-01 1.8737E-01 6.7952E-02 2.9448E-01 
5e+3 Worst 4.6110E-01 2.7516E-02 1.7098E-01 2.2825E-01 2.0729E-01 9.4807E-02 3.1227E-01 
Mean 4.1900E-01 1.2278E-02 1.4052E-01 2.0602E-01 1.8023E-01 6.9446E-02 2.9534E-01 
Std 1.7409E-02 5.5157E-03 1.2141E-02 1.0743E-02 1.9549E-02 1.2505E-02 6.7608E-03 
Best 4.0222E-01 1.8548E-04 1.9084E-02 4.7350E-02 9.7538E-03 -1.4131E-03 5.5264E-02 
Median 4.0654E-01 3.0014E-04 1.9316E-02 4.7788E-02 1.6809E-02 2.9314E-03 7.7371E-02 
5e+4 Worst 4.1398E-01 1.0645E-03 1.9864E-02 4.8344E-02 2.2977E-02 7.6108E-03 1.0372E-01 
Mean 4.0670E-01 3.7957E-04 1.9306E-02 4.7798E-02 1.6463E-02 3.2291E-03 7.9428E-02 
Std 3.3921E-03 2.4546E-04 1.8761E-04 2.8443E-04 3.1222E-03 2.4322E-03 1.3164E-02 
Best 4.0055E-01 1.3898E-05 1.8360E-02 4.6615E-02 -1.3326E-03 -3.9027E-03 -3.7748E-03 
Median 4.0118E-01 3.7170E-05 1.8497E-02 4.6625E-02 -1.1611E-03 -2.6122E-03 -3.7739E-03 
5e+5 Worst 4.0246E-01 1.1321E-04 1.8788E-02 4.6654E-02 -2.0865E-04 3.1454E-03 -3.7694E-03 
Mean 4.0119E-01 4.7963E-05 1.8510E-02 4.6627E-02 -1.0907E-03 -2.3664E-03 -3.7736E-03 
Std 4.3621E-04 2.7781E-05 9.7891E-05 8.3720E-06 2.9270E-04 1.4530E-03 1.1596E-06 
D 3
FES  8.S_DTLZ2 9.R_DTLZ2 10.S_DTLZ3 11.WFG1 12.WFG8 13.WFG9 
Best 1.3747E-03 4.4937E-02 1.0848E-02 4.3010E-01 1.3159E-01 1.0739E-01 
Median 2.0021E-03 5.4917E-02 1.8267E-02 4.4549E-01 1.6707E-01 1.4751E-01 
5e+3 Worst 2.9621E-03 6.6822E-02 2.2099E-02 4.5433E-01 1.9934E-01 1.6949E-01 
Mean 2.0669E-03 5.4997E-02 1.7672E-02 4.4487E-01 1.6701E-01 1.4371E-01 
Std 4.3587E-04 4.6743E-03 3.0935E-03 6.5585E-03 1.8507E-02 1.8795E-02 
Best -6.1722E-06 4.3891E-03 6.4275E-05 3.8431E-01 4.2362E-02 6.9557E-02 
Median 3.8128E-05 8.4381E-03 1.3546E-04 4.0102E-01 6.4037E-02 8.7440E-02 
5e+4 Worst 2.1332E-04 1.3433E-02 3.7531E-04 4.0818E-01 7.4500E-02 1.1175E-01 
Mean 5.5237E-05 8.9137E-03 1.6626E-04 3.9824E-01 6.2723E-02 8.9336E-02 
Std 5.6052E-05 2.7359E-03 9.4887E-05 6.9752E-03 8.6806E-03 1.0332E-02 
Best -2.4256E-05 5.1132E-04 -1.5005E-07 1.5343E-01 3.0677E-02 3.5270E-02 
Median -2.1585E-05 1.5024E-03 -1.4993E-07 1.6597E-01 3.8616E-02 4.7204E-02 
5e+5 Worst -1.4835E-05 2.6268E-03 -1.3663E-07 1.9422E-01 4.3305E-02 7.2178E-02 
Mean -2.0953E-05 1.5259E-03 -1.4816E-07 1.6826E-01 3.7447E-02 5.0744E-02 
Std 2.4065E-06 5.9954E-04 3.7259E-09 1.0301E-02 3.3994E-03 1.1031E-02 
D 5
FES  8.S_DTLZ2 9.R_DTLZ2 10.S_DTLZ3 11.WFG1 12.WFG8 13.WFG9 
Best 1.0261E-03 6.7402E-03 4.2992E-03 6.5477E-01 3.5961E-01 2.4853E-02 
Median 1.8525E-03 8.7590E-03 7.0782E-03 6.7364E-01 4.3100E-01 3.2674E-01 
5e+3 Worst 6.5608E-03 1.2737E-02 1.0250E-02 6.8906E-01 4.8182E-01 4.0094E-01 
Mean 2.2131E-03 8.9669E-03 7.2009E-03 6.7337E-01 4.3299E-01 1.9572E-01 
Std 1.1297E-03 1.4052E-03 1.4751E-03 8.6932E-03 3.0002E-02 1.6573E-01 
Best -5.5011E-04 9.1593E-04 7.4462E-06 5.8901E-01 2.0229E-01 2.0723E-02 
Median -3.3791E-05 1.1354E-03 6.0642E-05 6.3783E-01 3.1912E-01 1.7747E-01 
5e+4 Worst 6.8931E-05 1.6931E-03 6.9166E-04 6.5983E-01 4.1771E-01 2.7531E-01 
Mean -1.9121E-04 1.1850E-03 1.3146E-04 6.3612E-01 3.1404E-01 1.3173E-01 
Std 2.4464E-04 1.9711E-04 1.7155E-04 1.5847E-02 5.2906E-02 1.0844E-01 
Best -5.6794E-04 2.0609E-04 7.7695E-08 1.7538E-01 4.7156E-02 2.0723E-02 
Median -3.9378E-05 4.1727E-04 1.4625E-06 2.5598E-01 1.3097E-01 1.4722E-01 
5e+5 Worst 1.8010E-05 6.1831E-04 4.3906E-06 5.3614E-01 3.7756E-01 2.3139E-01 
Mean -2.5991E-04 4.1870E-04 1.6230E-06 2.7218E-01 1.5836E-01 1.0625E-01 
Std 2.7681E-04 9.9036E-05 1.2085E-06 7.5849E-02 9.1277E-02 8.4222E-02
