D 2
FES 1.OKA2 2. SYMPART 3. S ZDT1 4. S ZDT2 5. S ZDT4 6. R ZDT4 7. S ZDT6 
Best 0.1365e-2 0.9514e-3 0.2047e-0 0.2995e-0 0.1821e-0 0.5738e-2 0.3438e-0 
Median 0.1166e-1 0.1513e-2 0.2676e-0 0.3547e-0 0.2736e-0 0.1066e-1 0.3780e-0 
5e+3 Worst 0.6194e-1 0.1888e-2 0.3392e-0 0.4221e-0 0.3185e-0 0.1993e-1 0.3895e-0 
Mean 0.1640e-1 0.1499e-2 0.2676e-0 0.3569e-0 0.2674e-0 0.1147e-1 0.3690e-0 
Std 0.1471e-1 0.1887e-3 0.3131e-1 0.3695e-1 0.3605e-1 0.3318e-2 0.1612e-1 
Best -0.5200e-3 0.6332e-4 0.1275e-1 0.1333e-1 0.1282e-1 0.1090e-2 0.1294e-0 
Median 0.2988e-2 0.1023e-3 0.1651e-1 0.1828e-1 0.3249e-1 0.3368e-2 0.1447e-0 
5e+4 Worst 0.3632e-1 0.1417e-3 0.2225e-1 0.2855e-1 0.5964e-1 0.7452e-2 0.1555e-0 
Mean 0.7395e-2 0.1026e-3 0.1706e-1 0.1894e-1 0.3387e-1 0.3538e-2 0.1440e-0 
Std 0.9413e-2 0.1955e-4 0.2453e-2 0.3251e-2 0.1173e-1 0.1405e-2 0.7805e-2 
Best 0.3933e-2 0.1128e-3 0.1406e-2 0.1182e-2 0.3100e-5 0.8473e-3 0.3411e-1 
Median 0.8539e-2 0.1981e-3 0.1650e-2 0.1490e-2 0.1083e-4 0.2868e-2 0.4099e-1 
5e+5 Worst 0.1387e-1 0.2598e-3 0.2357e-2 0.2204e-2 0.1742e-3 0.6117e-2 0.4511e-1 
Mean 0.8563e-2 0.1927e-3 0.1693e-2 0.1532e-2 0.3475e-4 0.2965e-2 0.4132e-1 
Std 0.2643e-2 0.4626e-4 0.2094e-3 0.2494e-3 0.4806e-4 0.1209e-2 0.2801e-2 
D 3
FES 8. S DTLZ2 9. R DTLZ2 10. S DTLZ3 11. WFG1 12. WFG8 13. WFG9 
Best 0.1373e-1 0.8822e-2 0.8449e-2 0.2886e-0 -0.6884e-1 -0.4472e-1 
Median 0.2071e-1 0.2385e-1 0.1203e-1 0.2919e-0 -0.5549e-1 -0.2968e-2 
5e+3 Worst 0.4505e-1 0.3077e-1 0.2211e-1 0.2960e-0 -0.2743e-1 0.2064e-1 
Mean 0.2404e-1 0.2206e-1 0.1254e-1 0.2919e-0 -0.5312e-1 -0.8135e-2 
Std 0.8692e-2 0.5646e-2 0.2762e-2 0.2136e-2 0.1174e-2 0.1853e-1 
Best 0.2037e-2 0.4433e-4 0.1278e-3 0.2852e-0 -0.1286e-0 -0.4628e-1 
Median 0.3931e-2 0.1754e-2 0.2226e-3 0.2895e-0 -0.1078e-0 -0.2631e-1 
5e+4 Worst 0.7329e-2 0.3043e-2 0.6266e-3 0.2960e-0 -0.8351e-1 -0.8911e-2 
Mean 0.4069e-2 0.1600e-2 0.2395e-3 0.2898e-0 -0.1040e-0 -0.2692e-1 
Std 0.1317e-2 0.9047e-3 0.1062e-3 0.2509e-2 0.1256e-1 0.9393e-2 
Best 0.4475e-3 0.3109e-5 0.5943e-5 0.2592e-0 -0.1741e-0 -0.7253e-1 
Median 0.1783e-2 0.3947e-4 0.1421e-4 0.2692e-0 -0.1578e-0 -0.4731e-1 
5e+5 Worst 0.2955e-2 0.1306e-3 0.2489e-4 0.2795e-0 -0.1359e-0 -0.2844e-1 
Mean 0.1790e-2 0.3998e-4 0.1425e-4 0.2694e-0 -0.1579e-0 -0.4815e-1 
Std 0.6700e-3 0.2982e-4 0.5933e-5 0.5202e-2 0.1104e-1 0.1301e-1 
D 5
FES 8. S DTLZ2 9. R DTLZ2 10. S DTLZ3 11. WFG1 12. WFG8 13. WFG9 
Best 0.6815e-5 0.1739e-3 -0.4440e-15 0.5304e-0 -0.2356e-0 -0.2126e-0 
Median 0.2029e-2 0.5988e-3 0.6980e-4 0.5374e-0 -0.1984e-0 -0.1982e-0 
5e+3 Worst 0.1835e-1 0.3249e-2 0.1870e-1 0.5404e-0 -0.1823e-0 -0.1326e-0 
Mean 0.4126e-2 0.8342e-3 0.1364e-2 0.5371e-0 -0.2010e-0 -0.1918e-0 
Std 0.5749e-2 0.7579e-3 0.4010e-2 0.2169e-2 0.1260e-1 0.1945e-1 
Best 0.9943e-3 -0.8872e-4 -0.6661e-15 0.5223e-0 -0.3121e-0 -0.2119e-0 
Median 0.4046e-2 0.6357e-3 0.2538e-1 0.5329e-0 -0.2622e-0 -0.1964e-0 
5e+4 Worst 0.1094e-1 0.7423e-2 0.6506e-1 0.5398e-0 -0.2070e-0 -0.1674e-0 
Mean 0.4610e-2 0.8917e-3 0.2518e-1 0.5327e-0 -0.2592e-0 -0.1940e-0 
Std 0.2273e-2 0.1447e-2 0.2141e-1 0.4513e-2 0.2648e-1 0.1207e-1 
Best 0.5137e-4 -0.1517e-3 -0.1332e-14 0.4934e-0 -0.3623e-0 -0.2127e-1 
Median 0.8622e-3 0.6235e-3 0.4432e-1 0.5054e-0 -0.2552e-0 -0.1939e-1 
5e+5 Worst 0.1758e-2 0.4338e-2 0.1212e-0 0.5268e-0 -0.2108e-0 -0.1683e-1 
Mean 0.9661e-3 0.8260e-3 0.4353e-1 0.5068e-0 -0.2677e-0 -0.1919e-1 
Std 0.4749e-3 0.9611e-3 0.2515e-1 0.8733e-2 0.4144e-1 0.1189e-2 
