D 2
FES 1. OKA2 2. SYMPART 3. S ZDT1 4. S ZDT2 5. S ZDT4 6. R ZDT4 7. S ZDT6 
Best 2.4143e-02 6.1409e-02 1.9323e-01 2.6134e-01 2.2752e-01 5.9711e-02 3.4675e-01 
Median 2.8175e-02 9.3032e-02 2.1597e-01 3.1546e-01 2.5866e-01 7.7408e-02 3.6269e-01 
5e+3 Worst 3.5897e-02 1.3406e-01 2.3718e-01 3.4924e-01 2.8511e-01 9.9695e-02 3.6999e-01 
Mean 2.8984e-02 9.3160e-02 2.1654e-01 3.1091e-01 2.5908e-01 7.6820e-02 3.6117e-01 
Std 3.3118e-03 1.8985e-02 1.0037e-02 2.1469e-02 1.6146e-02 9.9631e-03 5.4189e-03 
Best 1.9719e-02 4.8726e-05 7.8927e-04 1.0321e-03 7.1588e-02 5.5318e-03 5.7133e-02 
Median 2.2169e-02 7.3721e-05 1.2176e-03 2.1531e-03 8.9864e-02 1.0047e-02 6.8166e-02 
5e+4 Worst 3.0472e-02 1.1745e-04 1.4637e-03 4.9544e-02 1.0379e-01 1.7009e-02 9.4732e-02 
Mean 2.3433e-02 7.6615e-05 1.2287e-03 1.9458e-02 8.9844e-02 1.0123e-02 6.9641e-02 
Std 3.0383e-03 1.5276e-05 1.4700e-04 2.3477e-02 9.0167e-03 2.8202e-03 8.7574e-03 
Best 1.2041e-02 9.7898e-06 1.3739e-04 1.8058e-04 5.5745e-03 3.2075e-04 -2.3087e-04 
Median 1.5692e-02 1.2586e-05 1.4282e-04 1.9367e-04 8.6292e-03 7.4731e-04 -2.3037e-04 
5e+5 Worst 2.9064e-02 1.5293e-05 1.6001e-04 4.7812e-02 1.3784e-02 4.2179e-03 -2.2917e-04 
Mean 1.7877e-02 1.2558e-05 1.4549e-04 1.7334e-02 9.3111e-03 1.0772e-03 -2.3035e-04 
Std 5.0099e-03 1.6817e-06 6.8624e-06 2.3330e-02 2.1321e-03 9.7863e-04 4.5290e-07 
D 3
FES 8. S DTLZ2 9. R DTLZ2 10. S DTLZ3 11. WFG1 12. WFG8 13. WFG9 
Best 2.6295e-03 1.6055e-02 4.8341e-03 2.8445e-01 -9.5554e-02 -5.0487e-02 
Median 3.3986e-03 2.4112e-02 8.4427e-03 2.8649e-01 -8.6996e-02 -4.2278e-02 
5e+3 Worst 4.0632e-03 3.3955e-02 9.7431e-03 2.8815e-01 -8.0269e-02 -3.1775e-02 
Mean 3.3835e-03 2.4995e-02 8.2174e-03 2.8646e-01 -8.7677e-02 -4.1769e-02 
Std 3.8775e-04 5.0935e-03 1.2046e-03 9.8989e-04 4.1093e-03 3.9215e-03 
Best 3.4065e-05 1.2632e-02 2.3325e-04 2.6922e-01 -1.5981e-01 -5.7051e-02 
Median 7.1711e-05 1.9742e-02 3.0622e-04 2.7308e-01 -1.5562e-01 -5.2706e-02 
5e+4 Worst 2.2160e-04 2.3879e-02 3.8901e-04 2.7518e-01 -1.4652e-01 -4.9750e-02 
Mean 9.1415e-05 1.9169e-02 3.0148e-04 2.7296e-01 -1.5575e-01 -5.2631e-02 
Std 5.8805e-05 3.3016e-03 4.1183e-05 1.5300e-03 2.7123e-03 1.5370e-03 
Best 1.8285e-05 1.0053e-02 5.5737e-07 1.4021e-01 -1.7271e-01 -5.7978e-02 
Median 8.1342e-05 1.3384e-02 1.8037e-06 1.9913e-01 -1.7071e-01 -5.3687e-02 
5e+5 Worst 2.7180e-04 1.7965e-02 5.0289e-06 2.2126e-01 -1.6818e-01 -5.0289e-02 
Mean 1.1109e-04 1.3482e-02 1.9128e-06 1.9554e-01 -1.7056e-01 -5.3982e-02 
Std 7.1987e-05 2.2466e-03 1.0168e-06 1.8141e-02 1.0640e-03 1.9586e-03 
D 5
FES 8. S DTLZ2 9. R DTLZ2 10. S DTLZ3 11. WFG1 12. WFG8 13. WFG9 
Best 1.1614e-02 1.4329e-02 7.7667e-03 5.2944e-01 -4.1803e-02 1.1185e-01 
Median 1.5096e-02 1.9708e-02 9.0675e-03 5.3124e-01 -2.9683e-02 1.3650e-01 
5e+3 Worst 2.1401e-02 3.0605e-02 1.0691e-02 5.3260e-01 -7.7059e-03 1.6541e-01 
Mean 1.5551e-02 2.1254e-02 9.0716e-03 5.3115e-01 -2.7957e-02 1.3861e-01 
Std 2.5813e-03 4.1541e-03 8.2674e-04 6.7832e-04 9.0027e-03 1.4118e-02 
Best 2.8815e-05 1.0009e-02 3.2854e-05 5.2599e-01 -1.8195e-01 -1.0449e-01 
Median 4.5833e-05 1.2463e-02 5.1549e-05 5.2911e-01 -1.6911e-01 -9.3887e-02 
5e+4 Worst 8.8489e-05 1.9405e-02 6.8974e-05 5.3097e-01 -1.5794e-01 -8.3515e-02 
Mean 4.9841e-05 1.3054e-02 5.1144e-05 5.2895e-01 -1.7012e-01 -9.3784e-02 
Std 1.6208e-05 2.5257e-03 8.7546e-06 1.2583e-03 7.4509e-03 5.9951e-03 
Best 2.5086e-08 8.1098e-03 5.3786e-07 5.1726e-01 -2.7190e-01 -1.2913e-01 
Median 1.5131e-06 9.6464e-03 7.8897e-07 5.2033e-01 -2.5721e-01 -1.1966e-01 
5e+5 Worst 5.6978e-06 1.3215e-02 1.2490e-06 5.2388e-01 -2.4125e-01 -1.1439e-01 
Mean 2.0109e-06 9.8835e-03 8.0469e-07 5.2053e-01 -2.5771e-01 -1.2020e-01 
Std 1.6375e-06 1.1920e-03 1.7566e-07 1.5214e-03 9.0056e-03 3.9269e-03
