D 2
FES 1. OKA2 2. SYMPART 3. S ZDT1 4. S ZDT2 5. S ZDT4 6. R ZDT4 7. S ZDT6
Best -6.2136e-04 2.1494e-02 5.3022e-02 1.0790e-01 7.5437e-02 1.9364e-02 1.3688e-01
Median 8.4401e-04 3.2792e-02 5.8049e-02 1.2095e-01 8.4788e-02 2.5630e-02 1.4261e-01
5e+3 Worst 4.0591e-03 4.7681e-02 6.7336e-02 1.3360e-01 9.3693e-02 3.3457e-02 1.4606e-01
Mean 1.0738e-03 3.2867e-02 5.9281e-02 1.2142e-01 8.5307e-02 2.5097e-02 1.4213e-01
Std 1.1723e-03 6.8335e-03 3.9633e-03 6.4693e-03 5.0711e-03 3.7516e-03 2.1999e-03
Best -9.7859e-04 1.6145e-05 1.4196e-04 3.2265e-04 2.4269e-02 1.6790e-03 2.5129e-02
Median -3.0302e-04 2.5157e-05 2.4980e-04 6.9049e-04 3.0425e-02 3.2908e-03 2.9697e-02
5e+4 Worst 9.9941e-04 3.8961e-05 3.0445e-04 4.0628e-02 3.5089e-02 5.6485e-03 4.2450e-02
Mean -2.6206e-04 2.5823e-05 2.4294e-04 1.5529e-02 3.0420e-02 3.2849e-03 3.0595e-02
Std 6.0745e-04 5.0663e-06 3.7686e-05 1.9750e-02 3.0321e-03 9.8099e-04 4.0446e-03
Best -1.0581e-03 3.2744e-06 -8.1112e-10 0.0000e+00 1.7241e-03 1.1622e-04 -1.0216e-06
Median -1.0044e-03 4.1441e-06 1.8302e-06 3.1582e-08 2.7763e-03 2.5458e-04 -1.0216e-06
5e+5 Worst -1.0624e-04 5.0803e-06 6.9727e-06 4.0053e-02 4.5511e-03 1.4549e-03 -9.3898e-07
Mean -8.0507e-04 4.1873e-06 2.2716e-06 1.4419e-02 3.0107e-03 3.6550e-04 -1.0152e-06
Std 3.0496e-04 5.4693e-07 2.1717e-06 1.9622e-02 7.3453e-04 3.3329e-04 2.2215e-08
D 3
FES 8. S DTLZ2 9. R DTLZ2 10. S DTLZ3 11. WFG1 12. WFG8 13. WFG9
Best 1.1818e-04 3.5323e-04 2.7764e-04 5.5449e-02 -1.3805e-02 -8.4837e-03
Median 1.8319e-04 2.2186e-03 3.3250e-04 5.5973e-02 -1.1809e-02 -6.7991e-03
5e+3 Worst 2.7839e-04 4.1487e-03 4.1502e-04 5.6303e-02 -9.7870e-03 -4.9215e-03
Mean 1.8734e-04 2.2245e-03 3.3716e-04 5.5934e-02 -1.1773e-02 -6.7800e-03
Std 3.8855e-05 1.0171e-03 3.4022e-05 2.2945e-04 1.0110e-03 8.5961e-04
Best 2.6126e-06 2.5312e-04 7.3613e-05 5.2649e-02 -2.5590e-02 -8.7265e-03
Median 2.0169e-05 1.5043e-03 8.0394e-05 5.3474e-02 -2.4526e-02 -7.5057e-03
5e+4 Worst 3.7881e-05 2.5698e-03 8.6294e-05 5.3927e-02 -2.2079e-02 -6.2060e-03
Mean 2.0590e-05 1.3952e-03 8.0801e-05 5.3434e-02 -2.4488e-02 -7.4822e-03
Std 1.0259e-05 6.8988e-04 3.5885e-06 3.2994e-04 7.0955e-04 6.0076e-04
Best 9.8209e-06 2.4133e-04 1.0461e-05 2.7007e-02 -2.7946e-02 -8.9103e-03
Median 2.8298e-05 5.3103e-04 1.4378e-05 3.8503e-02 -2.7509e-02 -7.7135e-03
5e+5 Worst 6.5781e-05 1.5445e-03 2.1224e-05 4.2837e-02 -2.7140e-02 -6.5550e-03
Mean 3.2122e-05 6.1748e-04 1.4618e-05 3.7772e-02 -2.7515e-02 -7.8231e-03
Std 1.6826e-05 3.8772e-04 2.7490e-06 3.5759e-03 1.9937e-04 5.9615e-04
D 5
FES 8. S DTLZ2 9. R DTLZ2 10. S DTLZ3 11. WFG1 12. WFG8 13. WFG9
Best 2.5972e-04 2.3065e-04 1.9638e-04 4.7040e-02 7.3327e-03 6.7127e-03
Median 4.0952e-04 6.3999e-04 2.5457e-04 4.7170e-02 8.9772e-03 1.2295e-02
5e+3 Worst 8.9412e-04 1.3679e-03 3.3627e-04 4.7337e-02 1.1911e-02 1.5543e-02
Mean 4.4348e-04 7.0549e-04 2.5939e-04 4.7182e-02 9.3102e-03 1.2250e-02
Std 1.5641e-04 3.1821e-04 3.5440e-05 6.5757e-05 1.2508e-03 1.9841e-03
Best 2.2147e-05 8.4360e-05 1.7229e-05 4.6510e-02 1.4684e-03 1.3739e-03
Median 2.6692e-05 1.9724e-04 2.4391e-05 4.6866e-02 2.9816e-03 3.1034e-03
5e+4 Worst 3.8250e-05 6.9037e-04 3.3276e-05 4.7134e-02 4.8075e-03 4.3950e-03
Mean 2.7842e-05 2.5883e-04 2.4993e-05 4.6881e-02 3.0397e-03 3.0019e-03
Std 4.7033e-06 1.7582e-04 4.1082e-06 1.3306e-04 9.8039e-04 7.0520e-04
Best 3.2301e-06 7.2334e-05 5.8196e-06 4.5573e-02 -5.9577e-03 1.2386e-03
Median 6.7514e-06 1.0759e-04 7.0181e-06 4.5880e-02 -3.9907e-03 2.6170e-03
5e+5 Worst 1.3679e-05 3.2339e-04 7.9988e-06 4.6167e-02 -1.7535e-03 3.5564e-03
Mean 7.8107e-06 1.3375e-04 6.9797e-06 4.5889e-02 -3.9639e-03 2.5642e-03
Std 3.0363e-06 6.3656e-05 5.4495e-07 1.5295e-04 9.9207e-04 5.9861e-04
