D 2
FES 1. OKA2 2. SYMPART 3. S ZDT1 4. S ZDT2 5. S ZDT4 6. R ZDT4 7. S ZDT6 
Best -8.1822e-04 5.6037e-02 1.4412e-01 2.0390e-01 1.7806e-01 2.9857e-02 3.3013e-01 
Median -1.2067e-04 7.7552e-02 1.5541e-01 2.3654e-01 2.2822e-01 5.5198e-02 3.3673e-01 
5e+3 Worst 1.1253e-02 1.0814e-01 1.7080e-01 2.6279e-01 2.5523e-01 7.8043e-02 3.5134e-01 
Mean 5.7619e-04 7.9939e-02 1.5566e-01 2.3674e-01 2.2904e-01 5.5075e-02 3.3957e-01 
Std 2.3879e-03 1.4267e-02 6.4482e-03 1.5411e-02 1.5735e-02 1.0553e-02 6.3348e-03 
Best -1.2271e-03 4.5698e-05 4.5187e-04 5.3297e-04 1.7081e-02 1.3164e-03 4.1598e-02 
Median -1.1387e-03 6.7513e-05 5.4824e-04 6.3449e-04 2.0508e-02 2.9080e-03 4.4862e-02 
5e+4 Worst -9.9987e-04 1.4421e-04 7.9815e-04 4.8012e-02 2.7175e-02 6.8484e-03 4.8148e-02 
Mean -1.1430e-03 7.2177e-05 5.7459e-04 4.4286e-03 2.0748e-02 3.0337e-03 4.4900e-02 
Std 5.7123e-05 2.1111e-05 9.1660e-05 1.3115e-02 2.5913e-03 1.3294e-03 1.5190e-03 
Best -1.2359e-03 3.6903e-06 1.5672e-04 1.9244e-04 8.5011e-07 7.0434e-04 -2.3166e-04 
Median -1.2280e-03 4.6079e-06 1.7207e-04 2.1011e-04 8.8127e-07 2.1165e-03 -2.3057e-04 
5e+5 Worst -1.2108e-03 5.9303e-06 2.0140e-04 4.7812e-02 1.6596e-04 6.0925e-03 -2.2998e-04 
Mean -1.2271e-03 4.6477e-06 1.7484e-04 4.0254e-03 2.7290e-05 2.2690e-03 -2.3067e-04 
Std 5.6516e-06 6.1853e-07 1.0255e-05 1.3178e-02 6.1760e-05 1.2492e-03 4.6401e-07 
D 3
FES 8. S DTLZ2 9. R DTLZ2 10. S DTLZ3 11. WFG1 12. WFG8 13. WFG9 
Best 1.1903e-03 7.0009e-03 5.8468e-03 3.3514e-01 -8.4283e-02 -3.9985e-02 
Median 1.7331e-03 1.0490e-02 7.3463e-03 4.0795e-01 -7.1249e-02 -1.9643e-02 
5e+3 Worst 2.7208e-03 1.6287e-02 1.0130e-02 4.1498e-01 -5.7687e-02 4.6558e-03 
Mean 1.8318e-03 1.0864e-02 7.4275e-03 4.0540e-01 -7.1250e-02 -1.9533e-02 
Std 3.9030e-04 2.4615e-03 1.0603e-03 1.5231e-02 7.1969e-03 1.4889e-02 
Best 1.9213e-05 3.6020e-04 1.0362e-06 2.3857e-01 -1.6707e-01 -7.0592e-02 
Median 1.0317e-04 5.4497e-04 2.4363e-06 3.0322e-01 -1.6076e-01 -5.6592e-02 
5e+4 Worst 3.0643e-04 8.6963e-04 7.7858e-06 3.1826e-01 -1.5562e-01 -3.8630e-02 
Mean 1.1763e-04 5.5892e-04 2.9691e-06 2.8495e-01 -1.6072e-01 -5.6463e-02 
Std 8.1453e-05 1.4571e-04 1.6691e-06 2.9185e-02 3.0068e-03 6.0416e-03 
Best -1.1926e-05 1.8820e-06 2.9421e-13 -7.7648e-03 -1.7596e-01 -9.1893e-02 
Median -7.2509e-06 7.1121e-06 7.7444e-11 -7.3850e-04 -1.7490e-01 -5.7558e-02 
5e+5 Worst 5.9468e-06 2.7589e-05 2.0865e-08 3.4607e-02 -1.7279e-01 -3.8588e-02 
Mean -6.8285e-06 8.5274e-06 2.2984e-09 5.5177e-03 -1.7461e-01 -5.9748e-02 
Std 4.1187e-06 6.5709e-06 5.0220e-09 1.2774e-02 9.6867e-04 9.8129e-03 
D 5
FES 8. S DTLZ2 9. R DTLZ2 10. S DTLZ3 11. WFG1 12. WFG8 13. WFG9 
Best 8.2136e-04 2.1075e-03 1.8676e-03 6.2449e-01 -7.0962e-02 7.1520e-03 
Median 1.6175e-03 3.0403e-03 2.4715e-03 6.3553e-01 -4.2623e-02 5.9194e-02 
5e+3 Worst 3.4713e-03 4.5852e-03 4.5449e-03 6.4442e-01 -1.6277e-02 1.2018e-01 
Mean 1.7376e-03 3.1397e-03 2.6169e-03 6.3496e-01 -4.2629e-02 5.6182e-02 
Std 6.6919e-04 8.1164e-04 6.3012e-04 4.8418e-03 1.6789e-02 2.7955e-02 
Best 1.4208e-05 -8.1147e-05 1.9484e-06 4.9639e-01 -2.8735e-01 -1.1565e-01 
Median 3.0415e-05 1.0186e-05 7.4486e-06 5.1423e-01 -2.6913e-01 -1.0207e-01 
5e+4 Worst 1.0524e-04 8.0324e-05 1.7884e-05 5.5708e-01 -2.4381e-01 -7.7629e-02 
Mean 3.7278e-05 -1.7555e-06 7.6879e-06 5.2167e-01 -2.6760e-01 -1.0011e-01 
Std 2.1466e-05 4.0644e-05 3.8216e-06 1.9071e-02 1.2959e-02 9.4746e-03 
Best 2.3565e-06 -1.5004e-04 4.8850e-15 2.6997e-02 -3.5647e-01 -1.2640e-01 
Median 9.5935e-06 -1.3870e-04 1.9213e-11 4.5399e-02 -3.5044e-01 -1.1320e-01 
5e+5 Worst 2.0628e-05 -9.8051e-05 3.8028e-09 1.0187e-01 -3.1668e-01 -1.0204e-01 
Mean 1.0020e-05 -1.3436e-04 4.9525e-10 5.2961e-02 -3.4706e-01 -1.1315e-01 
Std 4.8347e-06 1.3372e-05 9.0507e-10 2.0532e-02 9.3962e-03 6.2539e-03
