D 2
FES 1. OKA2 2. SYMPART 3. S ZDT1 4. S ZDT2 5. S ZDT4 6. R ZDT4 7. S ZDT6
Best -9.1667e-04 1.9591e-02 3.1691e-02 8.5101e-02 5.9457e-02 9.4119e-03 1.3016e-01
Median -3.2720e-04 2.7242e-02 4.4954e-02 9.8426e-02 7.5723e-02 1.7792e-02 1.3353e-01
5e+3 Worst 8.7530e-03 3.8250e-02 5.2071e-02 1.0832e-01 8.4380e-02 2.5286e-02 1.3880e-01
Mean 1.6276e-04 2.8114e-02 4.4531e-02 9.8161e-02 7.5424e-02 1.7979e-02 1.3425e-01
Std 1.9278e-03 5.1089e-03 5.2328e-03 6.0500e-03 5.1217e-03 3.5124e-03 2.7636e-03
Best -1.0604e-03 1.5354e-05 6.1755e-05 1.1911e-04 5.6863e-03 3.0167e-04 1.7994e-02
Median -9.8426e-04 2.2455e-05 1.0604e-04 1.8268e-04 6.8634e-03 7.7423e-04 1.9935e-02
5e+4 Worst -8.6300e-04 4.8377e-05 1.9624e-04 4.0119e-02 9.1519e-03 2.2171e-03 2.1445e-02
Mean -9.8540e-04 2.4138e-05 1.1611e-04 3.3835e-03 6.9527e-03 8.6134e-04 1.9906e-02
Std 5.2305e-05 7.0431e-06 3.5321e-05 1.1056e-02 8.8275e-04 4.6544e-04 7.2638e-04
Best -1.0646e-03 1.1824e-06 2.9681e-08 4.2118e-07 -5.6401e-09 1.7335e-04 -1.0788e-06
Median -1.0593e-03 1.6037e-06 3.7213e-06 7.6896e-06 -3.6526e-09 5.7908e-04 -1.0788e-06
5e+5 Worst -1.0401e-03 1.9349e-06 1.5023e-05 4.0053e-02 7.1672e-05 1.9619e-03 -1.0788e-06
Mean -1.0583e-03 1.5629e-06 4.5328e-06 3.2126e-03 1.1464e-05 6.7173e-04 -1.0788e-06
Std 5.4274e-06 2.0334e-07 3.6209e-06 1.1088e-02 2.6818e-05 4.2043e-04 6.4837e-22
D 3
FES 8. S DTLZ2 9. R DTLZ2 10. S DTLZ3 11. WFG1 12. WFG8 13. WFG9
Best 1.2102e-04 3.3374e-04 3.5014e-04 6.5228e-02 -1.2425e-02 -6.4830e-03
Median 1.9031e-04 4.3908e-04 4.8860e-04 8.0660e-02 -1.0336e-02 -3.1983e-03
5e+3 Worst 3.5465e-04 4.9278e-04 7.4403e-04 8.2120e-02 -7.6820e-03 2.5751e-04
Mean 2.0985e-04 4.3003e-04 4.8803e-04 8.0179e-02 -9.9919e-03 -3.3098e-03
Std 6.1425e-05 4.5257e-05 1.0472e-04 3.2198e-03 1.4138e-03 2.2460e-03
Best 2.3955e-05 9.9901e-05 1.0047e-05 4.5607e-02 -2.7319e-02 -1.1960e-02
Median 4.7156e-05 1.2175e-04 1.7569e-05 5.8939e-02 -2.5931e-02 -8.9520e-03
5e+4 Worst 9.4718e-05 1.7084e-04 2.4134e-05 6.2100e-02 -2.4959e-02 -5.6245e-03
Mean 5.0877e-05 1.2273e-04 1.7951e-05 5.5117e-02 -2.5956e-02 -8.9123e-03
Std 2.0136e-05 1.6097e-05 2.7603e-06 6.0483e-03 6.2452e-04 1.2524e-03
Best 1.7526e-06 1.2872e-05 2.8851e-10 -2.9818e-04 -2.8890e-02 -1.5883e-02
Median 5.1877e-06 2.0366e-05 1.7172e-07 5.2467e-04 -2.8532e-02 -8.9031e-03
5e+5 Worst 1.9259e-05 3.8971e-05 1.4113e-06 6.9913e-03 -2.7996e-02 -5.4468e-03
Mean 6.0540e-06 2.1897e-05 3.4950e-07 1.6775e-03 -2.8504e-02 -9.2222e-03
Std 3.9601e-06 7.1629e-06 3.5416e-07 2.2177e-03 1.6545e-04 1.9794e-03
D 5
FES 8. S DTLZ2 9. R DTLZ2 10. S DTLZ3 11. WFG1 12. WFG8 13. WFG9
Best 1.1874e-04 1.4489e-04 1.8060e-04 5.5501e-02 2.5957e-03 3.4959e-03
Median 2.0113e-04 1.9262e-04 2.0902e-04 5.6547e-02 6.3762e-03 6.5687e-03
5e+3 Worst 3.0906e-04 2.4053e-04 3.7126e-04 5.7383e-02 8.4641e-03 1.2315e-02
Mean 2.0537e-04 1.9155e-04 2.2656e-04 5.6468e-02 5.8783e-03 7.0251e-03
Std 5.4517e-05 2.3081e-05 4.6965e-05 4.5748e-04 1.6508e-03 2.4993e-03
Best 2.5119e-05 3.8708e-05 8.2593e-06 4.3338e-02 -8.7779e-03 1.2384e-03
Median 3.2789e-05 5.4383e-05 1.3803e-05 4.4686e-02 -7.5197e-03 2.5167e-03
5e+4 Worst 5.6378e-05 7.1649e-05 2.2322e-05 4.8814e-02 -5.6231e-03 3.9287e-03
Mean 3.5491e-05 5.4718e-05 1.3649e-05 4.5536e-02 -7.5371e-03 2.4667e-03
Std 7.2419e-06 8.8530e-06 3.3250e-06 1.7500e-03 8.5325e-04 7.4804e-04
Best 1.1620e-05 2.1338e-05 8.6601e-09 2.5696e-03 -1.1963e-02 5.4102e-04
Median 2.2048e-05 3.2824e-05 1.7526e-07 4.0640e-03 -1.1466e-02 2.2168e-03
5e+5 Worst 2.9654e-05 4.7707e-05 1.1207e-06 8.3991e-03 -1.0254e-02 3.2987e-03
Mean 2.1511e-05 3.3115e-05 2.5426e-07 4.6089e-03 -1.1345e-02 1.9398e-03
Std 4.5056e-06 5.1085e-06 2.7395e-07 1.5691e-03 3.9922e-04 7.0266e-04
