D 2
FES 1. OKA1 2. SYMPART 3. S ZDT1 4. S ZDT2 5. S ZDT4 6. R ZDT4 7. S ZDT6 
Best 5.9157e-002 1.3102e-003 1.4344e-001 2.3315e-001 1.6050e-001 2.8899e-002 3.3571e-001 
Median 6.1355e-002 2.2314e-003 1.8510e-001 2.9796e-001 2.0995e-001 5.2965e-002 3.4650e-001 
5e +3 Worst 8.7672e-002 3.6678e-003 2.3393e-001 3.6355e-001 2.5424e-001 7.8856e-002 3.6396e-001 
Mean 6.4591e-002 2.1470e-003 1.8442e-001 2.9063e-001 2.0558e-001 5.2014e-002 3.4784e-001 
Std 7.1019e-003 6.1594e-004 2.3442e-002 3.2273e-002 2.7663e-002 1.3837e-002 6.6460e-003 
Best 3.7756e-002 2.2168e-005 3.5160e-002 1.4465e-001 8.1965e-002 7.6082e-003 2.6129e-001 
Median 5.8317e-002 1.4744e-004 6.3233e-002 2.1598e-001 1.2197e-001 2.3793e-002 3.0427e-001 
5e +4 Worst 6.5059e-002 4.8405e-004 1.0797e-001 3.2820e-001 1.6592e-001 4.1542e-002 3.2764e-001 
Mean 5.5488e-002 2.0980e-004 6.2726e-002 2.2567e-001 1.2170e-001 2.4289e-002 3.0257e-001 
Std 6.1260e-003 1.4746e-004 1.6609e-002 4.9184e-002 2.2616e-002 9.1925e-003 1.5472e-002 
Best 2.4966e-002 1.0862e-007 6.1172e-003 4.1167e-002 4.0907e-002 6.3708e-003 2.1591e-001 
Median 5.8317e-002 4.1578e-007 1.0927e-002 1.2822e-001 6.5906e-002 1.9659e-002 2.5105e-001 
5e +5 Worst 5.8511e-002 6.9879e-007 3.8695e-002 2.0408e-001 1.2593e-001 3.6141e-002 2.9738e-001 
Mean 5.0571e-002 4.0187e-007 1.4403e-002 1.2916e-001 7.3732e-002 1.9731e-002 2.5218e-001 
Std 1.1128e-002 1.3984e-007 8.2898e-003 3.9659e-002 2.3647e-002 7.5663e-003 1.8827e-002 
D 3
FES 8. S DTLZ2 9. R DTLZ2 10. S DTLZ3 11. WFG1 12. WFG8 13. WFG9 
Best 9.9828e-004 8.8853e-003 2.4429e-002 3.9910e-001 -4.3115e-002 -2.4438e-002 
Median 1.5227e-003 1.0082e-002 2.7430e-002 4.1189e-001 -3.3484e-002 1.4716e-002 
5e +3 Worst 3.0138e-003 1.1369e-002 3.2818e-002 4.2348e-001 -1.7304e-002 5.8373e-002 
Mean 1.6610e-003 1.0057e-002 2.7628e-002 4.1131e-001 -3.1233e-002 1.7135e-002 
Std 4.5917e-004 7.5571e-004 1.6536e-003 5.8695e-003 8.0672e-003 1.9583e-002 
Best 3.7790e-004 5.5586e-003 1.5183e-002 3.7579e-001 -9.9316e-002 -5.4945e-002 
Median 4.7900e-004 6.8772e-003 1.9075e-002 3.8790e-001 -8.6605e-002 -3.9544e-002 
5e +4 Worst 7.4783e-004 7.7339e-003 2.3345e-002 4.0043e-001 -7.5392e-002 -2.0071e-002 
Mean 4.9946e-004 6.7890e-003 1.8837e-002 3.8804e-001 -8.6806e-002 -3.8603e-002 
Std 8.5419e-005 6.0379e-004 2.0747e-003 6.1838e-003 7.4893e-003 8.7616e-003 
Best 3.9687e-004 4.4552e-003 1.4320e-002 3.5637e-001 -1.1658e-001 -6.4006e-002 
Median 6.3511e-004 5.2102e-003 1.6309e-002 3.7570e-001 -1.0283e-001 -5.7339e-002 
5e +5 Worst 9.2080e-004 6.4670e-003 1.9389e-002 3.8238e-001 -9.2210e-002 -4.8138e-002 
Mean 6.4837e-004 5.3933e-003 1.6669e-002 3.7451e-001 -1.0349e-001 -5.7645e-002 
Std 1.3418e-004 5.8392e-004 1.3965e-003 6.2476e-003 6.7551e-003 4.5838e-003 
D 5
FES 8. S DTLZ2 9. R DTLZ2 10. S DTLZ3 11. WFG1 12. WFG8 13. WFG9 
Best 2.4236e-003 5.2560e-004 8.4269e-003 5.9195e-001 -3.0373e-003 1.2956e-001 
Median 3.3611e-003 6.8647e-004 1.1157e-002 6.4466e-001 6.2595e-002 1.6698e-001 
5e +3 Worst 5.1150e-003 9.7112e-004 1.3542e-002 6.5713e-001 9.4415e-002 1.9531e-001 
Mean 3.5268e-003 6.9792e-004 1.1336e-002 6.4317e-001 6.2030e-002 1.6483e-001 
Std 7.0186e-004 1.0167e-004 1.3448e-003 1.2607e-002 2.0481e-002 1.4931e-002 
Best 4.5746e-004 4.4960e-004 6.0696e-003 5.8325e-001 -9.6129e-002 -2.2464e-002 
Median 6.1928e-004 6.8448e-004 8.1158e-003 6.1257e-001 -7.1803e-002 4.6759e-003 
5e +4 Worst 8.0327e-004 9.1513e-004 9.3570e-003 6.2937e-001 -6.0899e-002 4.4642e-002 
Mean 6.1777e-004 7.0216e-004 7.9362e-003 6.1329e-001 -7.5609e-002 5.1445e-003 
Std 9.1252e-005 1.2176e-004 9.1189e-004 8.6973e-003 1.0579e-002 1.7707e-002 
Best 5.1787e-004 9.9531e-004 7.4853e-003 5.8256e-001 -2.1673e-001 -5.5976e-002 
Median 6.5244e-004 1.6902e-003 9.1305e-003 5.9960e-001 -1.8982e-001 -4.7864e-002 
5e +5 Worst 8.8567e-004 2.2711e-003 1.2081e-002 6.0370e-001 -1.6280e-001 -2.4357e-002 
Mean 6.6857e-004 1.6636e-003 9.4070e-003 5.9822e-001 -1.8899e-001 -4.6243e-002 
Std 9.0569e-005 3.2306e-004 1.0785e-003 4.9718e-003 1.2330e-002 6.8263e-003 
