D 2
FES 1.OKA2 2.SYMPART 3.S_ZDT1 4.S_ZDT2 5.S_ZDT4 6.R_ZDT4 7.S_ZDT6
Best 1.2177E-01 1.7684E-03 1.9663E-02 4.4899E-02 4.3182E-02 1.4915E-02 1.0962E-01
Median 1.2306E-01 3.9466E-03 2.3770E-02 5.5264E-02 5.9843E-02 2.1182E-02 1.1359E-01
5e+3 Worst 1.4756E-01 9.5696E-03 3.5158E-02 6.5406E-02 6.7866E-02 2.9358E-02 1.1937E-01
Mean 1.2813E-01 4.2596E-03 2.5002E-02 5.5486E-02 5.8496E-02 2.1604E-02 1.1388E-01
Std 9.0825E-03 1.9180E-03 4.2724E-03 4.8212E-03 6.7373E-03 4.0411E-03 2.4268E-03
Best 1.2172E-01 7.2771E-05 -5.1796E-03 -8.2067E-03 3.3781E-03 -3.8100E-04 2.0186E-02
Median 1.2221E-01 1.1314E-04 -5.0892E-03 -7.6591E-03 5.4790E-03 7.0833E-04 2.9874E-02
5e+4 Worst 1.2396E-01 3.7643E-04 -4.8313E-03 -6.9376E-03 7.7048E-03 2.4221E-03 4.0448E-02
Mean 1.2234E-01 1.3952E-04 -5.0790E-03 -7.6630E-03 5.3110E-03 8.9153E-04 3.0298E-02
Std 5.3280E-04 8.4855E-05 9.3273E-05 3.6085E-04 1.0551E-03 7.9243E-04 5.5756E-03
Best 1.2165E-01 1.3164E-05 -5.2415E-03 -8.2830E-03 -2.5687E-04 -1.1048E-03 -8.9721E-06
Median 1.2178E-01 2.1163E-05 -5.2002E-03 -8.2736E-03 -1.8372E-04 -7.6458E-04 -8.9721E-06
5e+5 Worst 1.2206E-01 4.7535E-05 -5.0933E-03 -8.1664E-03 -1.0172E-04 7.1316E-04 -8.7923E-06
Mean 1.2181E-01 2.5315E-05 -5.1914E-03 -8.2653E-03 -1.5774E-04 -7.1405E-04 -8.9649E-06
Std 1.0745E-04 9.6293E-06 3.6006E-05 2.9059E-05 2.1885E-05 3.8317E-04 3.5966E-08
D 3
FES 8.S_DTLZ2 9.R_DTLZ2 10.S_DTLZ3 11.WFG1 12.WFG8 13.WFG9
Best 3.0769E-05 6.0706E-04 4.1889E-04 8.3391E-02 1.1104E-02 1.0533E-02
Median 7.8227E-05 7.5672E-04 5.7885E-04 8.6207E-02 1.6708E-02 1.5448E-02
5e+3 Worst 2.6172E-04 8.4139E-04 9.4378E-04 8.7996E-02 2.3806E-02 1.9425E-02
Mean 1.0316E-04 7.4496E-04 6.0347E-04 8.6235E-02 1.7493E-02 1.4920E-02
Std 5.7497E-05 5.1642E-05 1.2572E-04 1.2373E-03 3.6919E-03 2.9145E-03
Best -8.0685E-05 3.6652E-04 6.7448E-05 7.2435E-02 -8.3665E-04 6.1755E-03
Median -5.5214E-05 4.1699E-04 1.0706E-04 7.5951E-02 5.0192E-03 8.0829E-03
5e+4 Worst -2.7533E-05 4.7685E-04 1.7487E-04 7.7127E-02 7.8241E-03 1.1940E-02
Mean -5.4515E-05 4.2021E-04 1.0731E-04 7.5350E-02 4.3046E-03 8.6810E-03
Std 1.3840E-05 2.9248E-05 2.4787E-05 1.3818E-03 2.5328E-03 1.8284E-03
Best -8.6042E-05 1.0703E-04 1.0866E-07 2.6052E-02 -1.7980E-03 8.8631E-04
Median -8.5010E-05 1.9020E-04 4.4716E-07 2.8256E-02 -2.2479E-04 3.1352E-03
5e+5 Worst -8.0692E-05 2.5153E-04 1.4871E-06 3.3207E-02 1.3283E-03 7.4165E-03
Mean -8.4712E-05 1.9330E-04 4.8313E-07 2.8693E-02 -2.6206E-04 3.6178E-03
Std 1.3424E-06 3.4578E-05 3.6087E-07 1.8812E-03 9.1485E-04 1.8337E-03
D 5
FES 8.S_DTLZ2 9.R_DTLZ2 10.S_DTLZ3 11.WFG1 12.WFG8 13.WFG9
Best 1.3336E-04 2.1202E-04 1.9747E-04 5.7385E-02 1.4660E-02 8.4878E-03
Median 1.6839E-04 2.3544E-04 2.5773E-04 5.9174E-02 2.1600E-02 1.1534E-02
5e+3 Worst 3.8511E-04 3.0566E-04 4.2791E-04 6.0612E-02 2.8726E-02 1.3687E-02
Mean 1.9650E-04 2.3688E-04 2.7026E-04 5.9179E-02 2.1266E-02 1.1421E-02
Std 6.0987E-05 1.9705E-05 5.5611E-05 8.1770E-04 3.8574E-03 1.4277E-03
Best 1.8391E-05 1.0135E-04 1.6180E-05 5.0514E-02 9.1736E-03 5.7543E-03
Median 3.5094E-05 1.2184E-04 3.4727E-05 5.5356E-02 1.9606E-02 7.4126E-03
5e+4 Worst 7.0910E-05 1.4215E-04 9.6151E-05 5.7685E-02 2.7911E-02 9.4715E-03
Mean 3.7089E-05 1.2100E-04 4.2957E-05 5.5157E-02 1.8656E-02 7.6963E-03
Std 1.2620E-05 1.1243E-05 2.1612E-05 1.6084E-03 4.1945E-03 1.0227E-03
Best 5.7002E-06 5.0254E-05 3.5863E-06 1.1880E-02 1.7697E-03 5.7519E-03
Median 1.4981E-05 7.8001E-05 1.0035E-05 1.8273E-02 8.5071E-03 7.2272E-03
5e+5 Worst 2.2887E-05 9.4545E-05 1.3672E-05 4.4155E-02 2.4882E-02 9.2790E-03
Mean 1.5043E-05 7.7357E-05 8.9693E-06 1.9670E-02 9.4860E-03 7.2382E-03
Std 4.6046E-06 1.0133E-05 3.3796E-06 6.7516E-03 6.1573E-03 8.0575E-04
