D 2
FES  OKA2 SYMPART S_ZDT1 S_ZDT2 S_ZDT4 R_ZDT4 S_ZDT6 
Best 5.4717E-02 9.8057E-03 5.7283E-02 9.5363E-02 6.9391E-02 4.3760E-02 2.5597E-01 
Mean 7.2530E-02 1.7546E-02 7.4565E-02 1.1336E-01 9.2170E-02 6.8130E-02 2.6939E-01 
5e+3 Worst 8.8240E-02 2.3858E-02 9.2055E-02 1.3220E-01 1.2278E-01 8.9483E-02 2.8287E-01 
Med 7.4251E-02 1.8145E-02 7.4998E-02 1.1267E-01 9.1205E-02 7.1256E-02 2.7228E-01 
Std 8.4349E-03 4.0475E-03 7.6074E-03 8.2396E-03 1.1724E-02 1.3291E-02 7.6053E-03 
Best 1.8522E-02 1.1711E-03 2.2029E-03 4.0513E-03 1.0431E-03 7.8386E-03 8.3054E-02 
Mean 2.7932E-02 1.4303E-03 3.8517E-03 1.1583E-02 2.4443E-03 3.2206E-02 8.7191E-02 
5e+4 Worst 3.3872E-02 1.7562E-03 7.1314E-03 2.5716E-02 4.1714E-03 5.4357E-02 9.4619E-02 
Med 2.8090E-02 1.4177E-03 3.6818E-03 1.0398E-02 2.4553E-03 3.3046E-02 8.6113E-02 
Std 3.3101E-03 1.5929E-04 1.4461E-03 6.1146E-03 8.6011E-04 1.2032E-02 3.2795E-03 
Best 1.0836E-02 8.8643E-04 8.4735E-04 1.0022E-03 5.2015E-05 3.7679E-03 2.7295E-02 
Mean 1.5385E-02 1.1601E-03 2.1198E-03 2.5849E-03 3.6566E-04 2.0422E-02 3.0606E-02 
5e+5 Worst 2.7910E-02 1.4445E-03 4.8845E-03 5.3263E-03 9.8874E-04 4.2145E-02 3.2635E-02 
Med 1.4278E-02 1.1377E-03 1.6907E-03 2.2804E-03 3.2845E-04 2.0269E-02 3.0936E-02 
Std 3.4763E-03 1.3422E-04 1.0746E-03 1.1028E-03 2.2024E-04 1.0148E-02 1.6282E-03 
D 3
FES  S_DTLZ2 R_DTLZ2 S_DTLZ3 WFG1 WFG8 WFG9 
Best 1.6521E-03 3.9945E-03 6.9662E-04 2.9579E-01 -3.7582E-02 7.9284E-03 
Mean 3.8262E-03 5.4614E-03 2.0587E-03 3.0626E-01 -4.3766E-04 4.5102E-02 
5e+3 Worst 7.3363E-03 7.1751E-03 5.3008E-03 3.1093E-01 3.7530E-02 8.2330E-02 
Med 3.9009E-03 5.4825E-03 1.7507E-03 3.0826E-01 -2.3580E-03 4.4912E-02 
Std 1.3700E-03 8.6889E-04 9.7804E-04 4.0178E-03 1.4186E-02 1.9654E-02 
Best 3.5530E-04 1.0156E-03 9.3901E-06 2.6591E-01 -3.4028E-02 -3.7091E-02 
Mean 4.3679E-03 2.1873E-03 8.0792E-05 2.7710E-01 1.0389E-02 1.6912E-02 
5e+4 Worst 2.4610E-02 3.5702E-03 5.4732E-04 2.9276E-01 3.2414E-02 8.1885E-02 
Med 3.4013E-03 2.1960E-03 5.5039E-05 2.7715E-01 1.3156E-02 1.5982E-02 
Std 4.9704E-03 6.2496E-04 1.0554E-04 6.7953E-03 1.5269E-02 3.0338E-02 
Best 2.8146E-04 5.4463E-04 9.3161E-07 2.4999E-01 -8.1406E-02 -5.6373E-02 
Mean 7.4776E-03 9.6089E-04 6.4794E-05 2.6029E-01 -5.1440E-02 -1.3468E-02 
5e+5 Worst 3.7063E-02 1.6041E-03 6.0884E-04 2.6636E-01 1.9666E-02 3.9831E-02 
Med 4.8737E-03 9.2053E-04 1.7361E-05 2.6219E-01 -5.2438E-02 -1.2928E-02 
Std 8.1089E-03 2.7503E-04 1.4340E-04 4.8554E-03 2.2803E-02 2.2859E-02 
D 5
FES  S_DTLZ2 R_DTLZ2 S_DTLZ3 WFG1 WFG8 WFG9 
Best 8.8070E-04 7.3942E-04 7.3859E-04 5.1980E-01 5.9589E-02 1.7082E-01 
Mean 3.9290E-03 8.9860E-04 1.9106E-03 5.3158E-01 9.9301E-02 2.2328E-01 
5e+3 Worst 1.0355E-02 1.0868E-03 3.8942E-03 5.3910E-01 1.5364E-01 2.6470E-01 
Med 4.0147E-03 9.2889E-04 1.6389E-03 5.3219E-01 1.0113E-01 2.2328E-01 
Std 1.9413E-03 8.3332E-05 8.7155E-04 5.6714E-03 2.5775E-02 2.4765E-02 
Best 1.0814E-03 3.1022E-04 1.3265E-05 4.6230E-01 8.0327E-02 6.3401E-02 
Mean 2.9544E-03 4.3716E-04 5.0563E-05 4.8225E-01 1.5081E-01 2.0877E-01 
5e+4 Worst 6.7902E-03 6.2879E-04 1.0768E-04 4.9436E-01 2.3139E-01 2.9925E-01 
Med 2.9328E-03 4.4641E-04 4.1706E-05 4.8422E-01 1.4888E-01 2.1140E-01 
Std 1.3614E-03 8.0851E-05 3.1165E-05 8.4953E-03 4.0570E-02 5.7441E-02 
Best 8.6562E-04 -1.6852E-05 1.2525E-07 4.3011E-01 -4.1632E-02 -1.9189E-02 
Mean 2.5226E-03 2.5537E-04 2.1745E-06 4.4656E-01 1.6656E-01 5.8660E-02 
5e+5 Worst 5.5453E-03 4.0674E-04 1.8073E-05 4.5841E-01 2.4521E-01 1.5537E-01 
Med 2.4047E-03 2.9634E-04 6.5648E-07 4.4778E-01 1.9014E-01 6.6539E-02 
Std 1.2299E-03 1.0977E-04 3.9237E-06 6.5120E-03 6.7939E-02 4.8021E-02 
