D 2
FES OKA2 SYMPART S_ZDT1 S_ZDT2 S_ZDT4 R_ZDT4 S_ZDT6
Best 1.4939E-02 3.3883E-03 1.5137E-02 4.3774E-02 2.2396E-02 1.2739E-02 1.0284E-01
Mean 2.3370E-02 6.0811E-03 2.0240E-02 5.2017E-02 3.0741E-02 2.1980E-02 1.0802E-01
5e+3 Worst 3.1927E-02 8.2870E-03 2.8325E-02 5.9455E-02 4.1475E-02 3.0163E-02 1.1401E-01
Med 2.2641E-02 6.2918E-03 1.9926E-02 5.2158E-02 3.0476E-02 2.2942E-02 1.0877E-01
Std 4.1218E-03 1.4091E-03 3.1666E-03 4.6604E-03 4.0915E-03 4.4316E-03 2.8840E-03
Best 6.1986E-03 3.9890E-04 6.1232E-04 1.7140E-03 3.0836E-04 2.4534E-03 3.3709E-02
Mean 1.1673E-02 4.8844E-04 1.5633E-03 1.3735E-02 7.9382E-04 1.0574E-02 3.7430E-02
5e+4 Worst 1.6626E-02 5.9999E-04 3.6247E-03 2.9360E-02 1.3671E-03 1.8041E-02 4.1754E-02
Med 1.1478E-02 4.8399E-04 1.2269E-03 1.3865E-02 8.4253E-04 1.0607E-02 3.7360E-02
Std 2.4049E-03 5.4681E-05 9.2579E-04 8.6410E-03 3.0905E-04 4.1867E-03 1.8288E-03
Best 2.3800E-03 3.0111E-04 1.3365E-04 3.4069E-04 1.6712E-05 1.0545E-03 1.2434E-02
Mean 6.5349E-03 3.9505E-04 1.0036E-03 3.3760E-03 1.2095E-04 6.6462E-03 1.3763E-02
5e+5 Worst 1.6434E-02 4.9260E-04 3.7589E-03 1.0158E-02 3.3788E-04 1.3739E-02 1.4858E-02
Med 6.5468E-03 3.8732E-04 9.1600E-04 3.2091E-03 1.1284E-04 6.2204E-03 1.3731E-02
Std 2.8330E-03 4.6062E-05 7.6809E-04 2.9564E-03 8.3190E-05 3.4266E-03 7.4636E-04
D 3
FES S_DTLZ2 R_DTLZ2 S_DTLZ3 WFG1 WFG8 WFG9
Best 2.4232E-04 3.6315E-04 2.0532E-04 5.5428E-02 -8.3351E-03 -4.8974E-03
Mean 5.2595E-04 4.1831E-04 4.5649E-04 5.8193E-02 4.5510E-06 4.3283E-03
5e+3 Worst 9.5277E-04 4.7407E-04 9.4041E-04 5.9403E-02 1.0409E-02 1.3565E-02
Med 4.9158E-04 4.1480E-04 4.3303E-04 5.8636E-02 -1.0688E-03 4.3191E-03
Std 2.0213E-04 2.8096E-05 1.6421E-04 1.1262E-03 3.8230E-03 5.0189E-03
Best 5.7105E-05 1.9830E-04 1.3497E-05 4.9079E-02 -6.8299E-03 -1.0999E-02
Mean 3.5464E-04 2.6111E-04 4.1130E-05 5.2442E-02 2.8521E-03 -1.6688E-04
5e+4 Worst 2.9347E-03 3.5164E-04 1.2869E-04 5.4724E-02 1.1316E-02 1.0096E-02
Med 2.1081E-04 2.5619E-04 3.4846E-05 5.2718E-02 3.1811E-03 -1.0454E-03
Std 5.6968E-04 3.7249E-05 2.4764E-05 1.5670E-03 4.2534E-03 5.9475E-03
Best 5.1925E-05 1.4063E-04 5.1721E-06 4.5470E-02 -1.4347E-02 -1.0143E-02
Mean 5.9881E-04 1.8259E-04 2.1800E-05 4.7466E-02 -8.7045E-03 -3.5148E-03
5e+5 Worst 5.7066E-03 2.2613E-04 1.2214E-04 4.8660E-02 1.9946E-03 4.9033E-03
Med 1.8126E-04 1.8247E-04 1.4444E-05 4.7511E-02 -8.6400E-03 -4.4158E-03
Std 1.2515E-03 2.1440E-05 2.6695E-05 7.6004E-04 4.1091E-03 3.7857E-03
D 5
FES S_DTLZ2 R_DTLZ2 S_DTLZ3 WFG1 WFG8 WFG9
Best 6.2686E-05 5.9983E-05 5.1168E-05 2.2580E-02 4.4341E-04 3.6793E-03
Mean 1.3550E-04 6.7509E-05 9.2207E-05 2.3255E-02 2.3668E-03 6.9322E-03
5e+3 Worst 2.4251E-04 7.4356E-05 1.6206E-04 2.3704E-02 4.8109E-03 9.3154E-03
Med 1.2286E-04 6.7916E-05 8.5678E-05 2.3224E-02 2.3185E-03 6.8541E-03
Std 4.7387E-05 3.6511E-06 2.9651E-05 3.4665E-04 1.0763E-03 1.5473E-03
Best 4.0437E-05 3.0094E-05 4.4157E-06 1.9793E-02 -1.4012E-03 1.1954E-04
Mean 1.0010E-04 4.1210E-05 8.1611E-06 2.0744E-02 1.1614E-03 4.7799E-03
5e+4 Worst 2.1760E-04 5.4145E-05 1.2968E-05 2.1381E-02 5.2176E-03 7.4877E-03
Med 9.0397E-05 4.2560E-05 8.6287E-06 2.0850E-02 8.0082E-04 5.2829E-03
Std 3.8089E-05 5.3375E-06 2.0286E-06 4.2302E-04 1.8059E-03 2.1125E-03
Best 4.2419E-05 1.4847E-05 8.4702E-08 1.8144E-02 -4.1108E-03 5.7739E-04
Mean 7.5100E-05 2.5831E-05 4.5948E-07 1.8953E-02 -5.0574E-06 3.5798E-03
5e+5 Worst 1.4667E-04 3.5779E-05 1.9886E-06 1.9420E-02 5.1107E-03 8.3480E-03
Med 7.4188E-05 2.6509E-05 3.1441E-07 1.9018E-02 -4.8829E-04 3.4449E-03
Std 2.4704E-05 6.3243E-06 4.0446E-07 3.2130E-04 2.2637E-03 1.9424E-03
