D 2
FES 1.OKA2 2. SYMPART 3. S ZDT1 4. S ZDT2 5. S ZDT4 6. R ZDT4 7. S ZDT6
Best -0.1002e-2 0.3265e-3 0.5994e-1 0.1164e-0 0.5944e-1 0.1609e-2 0.1351e-0
Median 0.4221e-2 0.5181e-3 0.8170e-1 0.1307e-0 0.8526e-1 0.3413e-2 0.1478e-0
5e+3 Worst 0.4878e-1 0.6480e-3 0.9949e-1 0.1536e-0 0.1031e-0 0.3321e-2 0.1524e-0
Mean 0.9064e-2 0.5142e-3 0.7929e-1 0.1321e-0 0.8586e-1 0.3475e-2 0.1446e-0
Std 0.1145e-1 0.6464e-4 0.9340e-2 0.1070e-1 0.1146e-1 0.1247e-2 0.6041e-2
Best -0.8510e-3 0.2133e-4 0.2771e-2 0.6766e-2 0.4288e-2 0.3125e-3 0.5480e-1
Median 0.2349e-2 0.3465e-4 0.4591e-2 0.8032e-2 0.1085e-1 0.9415e-3 0.6143e-1
5e+4 Worst 0.2322e-1 0.4838e-4 0.6587e-2 0.2463e-1 0.2029e-1 0.2333e-2 0.6572e-1
Mean 0.4922e-2 0.3478e-4 0.4710e-2 0.8911e-2 0.1142e-1 0.1035e-2 0.6071e-1
Std 0.6770e-2 0.6665e-5 0.1017e-3 0.3373e-2 0.3938e-2 0.4565e-3 0.3115e-2
Best -0.1065e-2 0.3692e-4 0.1956e-3 0.2165e-3 0.2485e-6 0.2720e-3 0.1547e-1
Median -0.3036e-3 0.6584e-4 0.7055e-3 0.8663e-3 0.2021e-5 0.7894e-3 0.1865e-1
5e+5 Worst 0.1797e-3 0.8667e-4 0.1950e-2 0.3140e-2 0.3672e-4 0.1963e-2 0.2040e-1
Mean -0.1644e-2 0.6401e-4 0.7982e-3 0.9618e-3 0.5350e-5 0.8636e-3 0.1859e-1
Std 0.7360e-3 0.1561e-4 0.5025e-3 0.6136e-3 0.7894e-5 0.3779e-3 0.1316e-2
D 3
FES 8. S DTLZ2 9. R DTLZ2 10. S DTLZ3 11. WFG1 12. WFG8 13. WFG9
Best 0.2488e-3 0.3789e-3 0.3750e-3 0.5591e-1 -0.1282e-1 -0.8500e-2
Median 0.5923e-3 0.5286e-3 0.4402e-3 0.5665e-1 -0.8907e-2 -0.5319e-2
5e+3 Worst 0.1126e-2 0.6297e-3 0.5731e-3 0.5751e-1 -0.6129e-2 -0.2414e-3
Mean 0.5972e-3 0.5268e-3 0.4487e-3 0.5666e-1 -0.9257e-2 -0.5136e-2
Std 0.2023e-3 0.5143e-4 0.5525e-4 0.4234e-3 0.2014e-2 0.2420e-2
Best 0.1376e-3 0.4608e-4 0.5768e-4 0.5551e-1 -0.2169e-1 -0.1042e-1
Median 0.2936e-3 0.1945e-3 0.8245e-4 0.5641e-1 -0.1777e-1 -0.6941e-2
5e+4 Worst 0.6957e-3 0.2487e-3 0.1303e-3 0.5766e-1 -0.1298e-1 -0.5218e-2
Mean 0.3128e-3 0.1769e-3 0.8456e-4 0.5648e-1 -0.1738e-1 -0.6983e-2
Std 0.1253e-3 0.5926e-4 0.1629e-4 0.5139e-3 0.2179e-2 0.1114e-2
Best 0.6266e-4 0.1484e-4 0.2259e-4 0.4984e-1 -0.2925e-1 -0.1232e-1
Median 0.8778e-4 0.3731e-4 0.3079e-4 0.5202e-1 -0.2722e-1 -0.8973e-2
5e+5 Worst 0.2945e-3 0.6610e-4 0.4006e-4 0.5393e-1 -0.2405e-1 -0.7119e-2
Mean 0.1010e-3 0.3688e-4 0.3028e-4 0.5211e-1 -0.2700e-1 -0.9422e-2
Std 0.5030e-4 0.1131e-4 0.4621e-5 0.1122e-2 0.1393e-2 0.1691e-2
D 5
FES 8. S DTLZ2 9. R DTLZ2 10. S DTLZ3 11. WFG1 12. WFG8 13. WFG9
Best -0.9820e-5 0.1468e-4 -0.1473e-7 0.4705e-1 0.5753e-3 -0.2153e-2
Median 0.1703e-3 0.5957e-4 0.1019e-4 0.4778e-1 0.3191e-2 -0.1144e-2
5e+3 Worst 0.5041e-3 0.2013e-3 0.3281e-3 0.4812e-1 0.5143e-2 0.2422e-2
Mean 0.2002e-3 0.7245e-4 0.4553e-4 0.4777e-1 0.3001e-2 -0.7903e-3
Std 0.1858e-3 0.4652e-4 0.9115e-4 0.2339e-3 0.1109e-2 0.1190e-2
Best 0.1177e-3 -0.5195e-5 -0.1473e-7 0.4626e-1 -0.4038e-2 -0.2094e-2
Median 0.2530e-3 0.6128e-4 0.3461e-3 0.4731e-1 -0.5922e-3 -0.1030e-2
5e+4 Worst 0.3749e-3 0.2836e-3 0.6230e-3 0.4806e-1 0.2346e-2 0.6813e-3
Mean 0.2587e-3 0.6924e-4 0.2876e-3 0.4731e-1 -0.6877e-3 -0.9847e-3
Std 0.5098e-4 0.6150e-4 0.2179e-3 0.4762e-3 0.1625e-2 0.7598e-3
Best 0.6832e-5 -0.9719e-5 -0.1473e-8 0.4325e-1 -0.7767e-2 -0.2118e-2
Median 0.1269e-3 0.6145e-4 0.4258e-3 0.4447e-1 -0.1112e-2 -0.9683e-3
5e+5 Worst 0.1883e-3 0.2323e-3 0.6501e-3 0.4672e-1 0.2057e-2 0.8521e-3
Mean 0.1250e-3 0.7799e-4 0.3908e-3 0.4462e-1 -0.1655e-2 -0.8432e-3
Std 0.4623e-4 0.6743e-4 0.1705e-3 0.9060e-3 0.2567e-2 0.7226e-3
