D 2
FES 1.OKA2 2. SYMPART 3. S ZDT1 4. S ZDT2 5. S ZDT4 6. R ZDT4 7. S ZDT6
Best -0.1059e-2 0.8908e-3 0.1077e-1 0.3019e-1 0.3419e-1 0.5902e-2 0.1038e-1
Median -0.3735e-3 0.1538e-2 0.1343e-1 0.4382e-1 0.4147e-1 0.9405e-2 0.1118e-1
5e+3 Worst 0.1854e-1 0.2244e-2 0.1870e-1 0.7153e-1 0.5387e-1 0.1724e-1 0.1180e-1
Mean 0.8095e-3 0.1543e-2 0.1349e-1 0.4809e-1 0.4164e-1 0.1034e-1 0.1111e-1
Std 0.3947e-2 0.3519e-3 0.2097e-2 0.1090e-1 0.4301e-2 0.3229e-2 0.4161e-2
Best -0.1065e-2 0.8419e-4 0.7988e-4 -0.3617e-4 0.3230e-3 0.7503e-3 0.2002e-1
Median -0.1064e-2 0.1380e-3 0.1096e-3 0.3548e-4 0.8402e-3 0.3062e-2 0.2561e-1
5e+4 Worst -0.1063e-2 0.2035e-3 0.1727e-3 0.1752e-3 0.1650e-2 0.5635e-2 0.2942e-1
Mean -0.1064e-2 0.1449e-3 0.1143e-3 0.4377e-4 0.8775e-3 0.2947e-2 0.2522e-1
Std 0.3121e-6 0.3010e-4 0.2319e-4 0.4200e-4 0.3112e-3 0.1453e-2 0.1923e-2
Best -0.1065e-2 0.1408e-4 -0.4727e-7 -0.2062e-3 -0.1410e-8 0.3253e-3 0.8514e-2
Median -0.1065e-2 0.1902e-4 0.1967e-6 -0.2061e-3 0.2866e-7 0.1908e-2 0.1191e-1
5e+5 Worst -0.1065e-2 0.2923e-4 0.7923e-6 -0.2057e-3 0.1134e-6 0.5039e-2 0.1417e-1
Mean -0.1065e-2 0.2024e-4 0.2092e-6 -0.2061e-3 0.3036e-7 0.2126e-2 0.1191e-1
Std 0.0 0.4737e-5 0.2172e-6 0.1227e-6 0.2400e-7 0.1304e-2 0.1670e-2
D 3
FES 8. S DTLZ2 9. R DTLZ2 10. S DTLZ3 11. WFG1 12. WFG8 13. WFG9
Best 0.4213e-4 0.3726e-3 0.1931e-3 0.7293e-1 0.1323e-2 -0.8088e-2
Median 0.6445e-4 0.4535e-3 0.2320e-3 0.7428e-1 0.3666e-2 -0.6207e-2
5e+3 Worst 0.8864e-4 0.5499e-3 0.2641e-3 0.7659e-1 0.6047e-2 0.1104e-2
Mean 0.6528e-4 0.4522e-3 0.2320e-3 0.7457e-1 0.3667e-2 -0.5182e-2
Std 0.1152e-4 0.4624e-4 0.1457e-4 0.1003e-2 0.1225e-2 0.2689e-2
Best 0.6797e-4 0.1148e-3 0.1062e-4 0.5026e-1 -0.8896e-2 -0.1291e-1
Median 0.9662e-4 0.1466e-3 0.1744e-4 0.5434e-1 -0.7800e-2 -0.9202e-2
5e+4 Worst 0.1246e-3 0.1710e-3 0.2644e-4 0.5735e-1 -0.5940e-2 -0.9090e-2
Mean 0.9901e-4 0.1422e-3 0.1775e-4 0.5364e-1 -0.7643e-2 -0.9790e-2
Std 0.1563e-4 0.1639e-4 0.4404e-5 0.2865e-2 0.7587e-3 0.1260e-2
Best 0.7081e-4 0.1348e-4 0.1354e-7 0.1543e-1 -0.1280e-1 -0.1420e-1
Median 0.1014e-3 0.2127e-4 0.5996e-7 0.2326e-1 -0.1249e-1 -0.9279e-2
5e+5 Worst 0.1194e-3 0.3077e-4 0.1483e-6 0.2957e-1 -0.1176e-1 -0.9242e-2
Mean 0.9541e-4 0.2137e-4 0.6402e-7 0.2254e-1 -0.1238e-1 -0.1021e-1
Std 0.1481e-4 0.4241e-5 0.3266e-7 0.3607e-2 0.2853e-3 0.1899e-2
D 5
FES 8. S DTLZ2 9. R DTLZ2 10. S DTLZ3 11. WFG1 12. WFG8 13. WFG9
Best -0.9778e-5 0.1183e-4 -0.1391e-7 0.6185e-1 -0.3134e-3 -0.2922e-4
Median -0.7284e-5 0.1985e-4 0.2956e-5 0.6423e-1 0.2893e-2 0.1677e-2
5e+3 Worst 0.5061e-4 0.3300e-4 0.1777e-4 0.6591e-1 0.4856e-2 0.5751e-2
Mean 0.2352e-5 0.2134e-4 0.5304e-5 0.6398e-1 0.2796e-2 0.1964e-2
Std 0.1779e-4 0.6508e-5 0.5494e-5 0.1096e-2 0.1178e-2 0.1213e-2
Best -0.9820e-5 -0.1162e-4 -0.1473e-7 0.4820e-1 -0.9025e-2 -0.2232e-2
Median -0.9820e-5 -0.9776e-5 -0.1470e-7 0.4971e-1 -0.7763e-2 -0.2084e-2
5e+4 Worst -0.3798e-5 0.4056e-4 -0.1182e-7 0.5066e-1 -0.7142e-2 -0.1870e-2
Mean -0.9508e-5 -0.5551e-5 -0.1432e-7 0.4955e-1 -0.7838e-2 -0.2089e-2
Std 0.1200e-6 0.1165e-4 0.7007e-9 0.6795e-3 0.4335e-3 0.7862e-4
Best -0.9820e-5 -0.1186e-4 -0.1473e-7 0.3408e-1 -0.1239e-1 -0.2337e-2
Median 0.3086e-5 -0.1186e-4 -0.1473e-7 0.3727e-1 -0.1168e-1 -0.2320e-2
5e+5 Worst 0.2175e-4 -0.1135e-4 -0.1473e-7 0.3980e-1 -0.1117e-1 -0.2253e-2
Mean 0.2811e-5 -0.1183e-4 -0.1473e-7 0.3694e-1 -0.1181e-1 -0.2253e-2
Std 0.1273e-4 0.1097e-6 0.0 0.1727e-2 0.3587e-3 0.1895e-4
