D 2
FES 1.OKA2 2. SYMPART 3. S ZDT1 4. S ZDT2 5. S ZDT4 6. R ZDT4 7. S ZDT6 
Best -0.9124e-3 0.2593e-2 0.4323e-1 0.6483e-1 0.1011e-0 0.1771e-1 0.2533e-0 
Median 0.1217e-2 0.4457e-2 0.4790e-1 0.9467e-1 0.1241e-0 0.2824e-1 0.2763e-0 
5e+3 Worst 0.2625e-1 0.6491e-2 0.6285e-1 0.1453e-0 0.1605e-0 0.5292e-1 0.2916e-0 
Mean 0.1968e-2 0.4473e-2 0.4983e-1 0.9915e-1 0.1244e-0 0.3192e-1 0.2741e-0 
Std 0.5235e-2 0.1015e-2 0.5287e-2 0.1957e-1 0.1278e-1 0.9994e-2 0.1119e-1 
Best -0.1085e-2 0.2503e-3 0.5984e-3 -0.1169e-1 0.8615e-3 0.2377e-2 0.4467e-1 
Median -0.1048e-2 0.4089e-3 0.7706e-3 -0.1156e-1 0.2281e-2 0.9371e-2 0.5772e-1 
5e+4 Worst -0.9996e-3 0.6012e-3 0.9585e-3 -0.1130e-1 0.4755e-2 0.1698e-1 0.6655e-1 
Mean -0.1047e-2 0.4291e-3 0.7811e-3 -0.1156e-1 0.2391e-2 0.9266e-2 0.5677e-1 
Std 0.2104e-4 0.8844e-4 0.8364e-4 0.8540e-4 0.9101e-3 0.4095e-2 0.4493e-2 
Best -0.1090e-2 0.4457e-4 0.2743e-3 -0.1214e-1 0.1233e-5 0.1471e-2 0.1839e-1 
Median -0.1052e-2 0.5944e-4 0.3063e-3 -0.1211e-1 0.1520e-5 0.5727e-2 0.2625e-1 
5e+5 Worst -0.9906e-3 0.9000e-4 0.3748e-3 -0.1207e-1 0.2027e-5 0.1502e-1 0.3121e-1 
Mean -0.1047e-2 0.6302e-4 0.3104e-3 -0.1211e-1 0.1507e-5 0.6521e-2 0.2618e-1 
Std 0.2217e-4 0.1422e-4 0.2567e-4 0.1430e-4 0.1602e-6 0.3829e-2 0.3618e-2 
D 3
FES 8. S DTLZ2 9. R DTLZ2 10. S DTLZ3 11. WFG1 12. WFG8 13. WFG9 
Best 0.7192e-3 0.6519e-2 0.2351e-2 0.6476e-0 -0.2597e-0 -0.4135e-1 
Median 0.8781e-3 0.1019e-1 0.3618e-2 0.6595e-0 -0.2235e-0 -0.2463e-1 
5e+3 Worst 0.1213e-2 0.1457e-1 0.4960e-2 0.6773e-0 -0.1951e-0 0.1555e-1 
Mean 0.8817e-3 0.1058e-1 0.3565e-2 0.6603e-0 -0.2238e-0 -0.2242e-1 
Std 0.1194e-3 0.2526e-2 0.6222e-3 0.8864e-2 0.1556e-1 0.1687e-1 
Best 0.4969e-3 0.3230e-3 0.5142e-6 0.5273e-0 -0.3792e-0 -0.5860e-1 
Median 0.1134e-2 0.5792e-3 0.1985e-5 0.5371e-0 -0.3370e-0 -0.4609e-1 
5e+4 Worst 0.2286e-2 0.9148e-3 0.8502e-5 0.5464e-0 -0.3075e-0 -0.3337e-1 
Mean 0.1116e-2 0.6018e-3 0.2800e-5 0.5360e-0 -0.3405e-0 -0.4615e-1 
Std 0.3593e-3 0.1597e-3 0.2169e-5 0.6005e-2 0.1847e-1 0.7021e-2 
Best 0.4857e-3 0.2223e-5 0.5884e-11 0.3213e-0 -0.4246e-0 -0.7746e-1 
Median 0.1335e-2 0.6243e-5 0.1207e-8 0.4249e-0 -0.3911e-0 -0.4877e-1 
5e+5 Worst 0.1976e-2 0.2564e-4 0.5189e-8 0.4622e-0 -0.3742e-0 -0.3631e-1 
Mean 0.1294e-2 0.7885e-5 0.1475e-8 0.4231e-0 -0.3991e-0 -0.5158e-1 
Std 0.3796e-3 0.5197e-5 0.1183e-8 0.2736e-1 0.1756e-1 0.1134e-1 
D 5
FES 8. S DTLZ2 9. R DTLZ2 10. S DTLZ3 11. WFG1 12. WFG8 13. WFG9 
Best -0.6328e-5 0.1104e-3 0.1024e-7 0.6818e-0 -0.2454e-0 -0.1845e-0 
Median 0.7930e-5 0.1703e-3 0.1459e-4 0.7050e-0 -0.2107e-0 -0.1611e-0 
5e+3 Worst 0.1737e-3 0.2991e-3 0.8320e-4 0.7207e-0 -0.1750e-0 -0.1095e-0 
Mean 0.3752e-4 0.1878e-3 0.2507e-4 0.7025e-0 -0.2120e-0 -0.1573e-0 
Std 0.5447e-4 0.6238e-4 0.2618e-5 0.1054e-1 0.1524e-1 0.1573e-1 
Best -0.6815e-5 -0.1805e-3 -0.1776e-14 0.5498e-0 -0.3780e-0 -0.2144e-0 
Median -0.6815e-5 -0.1722e-3 0.1998e-14 0.5644e-0 -0.3563e-0 -0.2124e-0 
5e+4 Worst -0.5044e-6 -0.1682e-4 0.1464e-8 0.5753e-0 -0.3011e-0 -0.2079e-0 
Mean -0.6518e-5 -0.1557e-3 0.5859e-10 0.5629e-0 -0.3498e-0 -0.2124e-0 
Std 0.1260e-5 0.3828e-4 0.2928e-9 0.7024e-2 0.1988e-1 0.1375e-2 
Best -0.6815e-5 -0.1830e-3 -0.1110e-14 0.4115e-0 -0.4302e-0 -0.2160e-0 
Median -0.3104e-6 -0.1830e-3 0.0 0.4415e-0 -0.4209e-0 -0.2153e-0 
5e+5 Worst 0.3992e-4 -0.1829e-3 0.1998e-14 0.4621e-0 -0.3870e-0 -0.2139e-0 
Mean 0.5535e-5 -0.1830e-3 0.2042e-15 0.4381e-0 -0.4165e-0 -0.2154e-0 
Std 0.1428e-4 0.1363e-7 0.9108e-15 0.1510e-1 0.1375e-1 0.4374e-3 
